Date,Open,High,Low,Close,Adj Close,Volume
2013-11-18,49.75,50.0,47.490002000000004,48.48,46.690104999999996,587100
2013-11-19,48.990002000000004,49.0,45.299999,45.799999,44.109058000000005,1682000
2013-11-20,45.98,46.0,43.990002000000004,44.650002,43.001507000000004,1106900
2013-11-21,44.5,45.150002,43.040001000000004,43.790001000000004,42.17326,730200
2013-11-22,43.900002,44.099998,43.25,43.990002000000004,42.365871000000006,947600
2013-11-25,44.279999,45.619999,43.700001,44.18,42.548866,727300
2013-11-26,45.0,45.0,43.040001000000004,43.200001,41.605049,873700
2013-11-27,43.549999,43.549999,42.5,43.240002000000004,41.643570000000004,1153300
2013-11-29,42.75,43.849998,42.75,43.240002000000004,41.643570000000004,949900
2013-12-02,43.080002,43.669998,41.52,43.139998999999996,41.547256,5130700
2013-12-03,42.799999,44.849998,42.700001,42.900002,41.31612,3239300
2013-12-04,42.43,42.610001000000004,41.650002,41.830002,40.285633000000004,2777700
2013-12-05,42.279999,42.279999,40.630001,41.049999,39.534424,3380500
2013-12-06,40.75,41.060001,40.639998999999996,40.700001,39.197338,4662300
2013-12-09,40.700001,41.27,40.240002000000004,41.18,39.659634000000004,3074000
2013-12-10,41.07,42.84,41.040001000000004,42.560001,40.988673999999996,3289400
2013-12-11,42.32,43.02,42.0,42.459998999999996,40.892365000000005,3367300
2013-12-12,42.009997999999996,43.099998,42.0,42.970001,41.383533,1770500
2013-12-13,42.919998,43.799999,42.919998,43.25,41.653197999999996,683800
2013-12-16,43.009997999999996,43.990002000000004,42.110001000000004,43.689999,42.07695,1953900
2013-12-17,43.43,44.0,43.16,43.75,42.134735,1396700
2013-12-18,43.650002,44.5,43.099998,44.27,42.635548,1225200
2013-12-19,43.959998999999996,44.5,43.82,44.450001,42.808899,593000
2013-12-20,44.299999,44.450001,43.91,44.259997999999996,42.625908,2878600
2013-12-23,44.169998,44.849998,43.549999,44.650002,43.001507000000004,773600
2013-12-24,44.759997999999996,45.02,44.25,44.580002,42.934101,304700
2013-12-26,44.860001000000004,45.009997999999996,44.439999,44.700001,43.049659999999996,513200
2013-12-27,44.77,44.970001,44.09,44.639998999999996,42.991875,393300
2013-12-30,44.450001,44.880001,44.0,44.119999,42.491074,381500
2013-12-31,44.23,44.5,43.759997999999996,44.189999,42.558487,874200
2014-01-02,44.080002,44.18,43.27,43.650002,42.038425,992900
2014-01-03,43.57,44.32,43.169998,43.959998999999996,42.336975,378400
2014-01-06,43.970001,43.98,43.369999,43.68,42.067329,597800
2014-01-07,42.16,43.98,42.16,43.869999,42.250309,1371300
2014-01-08,44.02,44.360001000000004,43.400002,43.880001,42.259953,1407100
2014-01-09,43.889998999999996,44.25,43.84,44.130001,42.500713,1093500
2014-01-10,44.169998,46.080002,44.02,45.73,44.041634,2008600
2014-01-13,45.700001,47.439999,45.200001,47.040001000000004,45.303276000000004,2278500
2014-01-14,47.16,47.889998999999996,46.91,47.799999,46.03521,2338200
2014-01-15,47.970001,49.189999,47.259997999999996,47.5,45.746288,1733000
2014-01-16,47.279999,47.68,47.040001000000004,47.400002,45.649982,1178700
2014-01-17,47.52,48.240002000000004,47.0,48.0,46.227837,1572100
2014-01-21,49.380001,49.380001,47.939999,48.169998,46.391544,1570400
2014-01-22,48.110001000000004,49.16,48.080002,48.509997999999996,46.718998,682200
2014-01-23,48.68,48.68,47.580002,47.720001,45.95816,867600
2014-01-24,47.619999,47.709998999999996,45.830002,46.84,45.110649,1417500
2014-01-27,45.200001,48.0,45.200001,46.599998,44.879517,717800
2014-01-28,46.77,47.880001,46.77,47.73,45.9678,721700
2014-01-29,47.349998,48.48,47.130001,47.779999,46.015953,800900
2014-01-30,47.91,49.630001,47.830002,49.419998,47.595394,1247100
2014-01-31,49.25,49.959998999999996,49.029999,49.349998,47.527981,2011100
2014-02-03,49.349998,49.939999,47.200001,47.439999,45.688499,1184800
2014-02-04,47.439999,48.48,47.32,48.049999,46.275978,891300
2014-02-05,47.84,48.650002,47.150002,47.599998,45.842597999999995,823100
2014-02-06,47.5,49.27,47.5,49.240002000000004,47.422043,1168400
2014-02-07,49.330002,50.27,49.330002,49.939999,48.096199,1837500
2014-02-10,49.990002000000004,50.119999,49.450001,49.84,47.999889,763400
2014-02-11,49.73,50.41,49.330002,49.889998999999996,48.048041999999995,1446100
2014-02-12,49.919998,51.0,49.73,50.0,48.153991999999995,1405300
2014-02-13,49.98,50.439999,49.59,50.119999,48.269558,695000
2014-02-14,50.150002,50.25,49.59,49.630001,47.797649,891700
2014-02-18,49.720001,50.860001000000004,49.720001,50.110001000000004,48.25993,2748500
2014-02-19,49.84,50.34,49.029999,49.16,47.345005,1076100
2014-02-20,50.23,52.779999,49.099998,51.52,49.617874,2623600
2014-02-21,51.75,52.790001000000004,51.75,52.369999,50.436485,2198700
2014-02-24,52.360001000000004,53.110001000000004,52.360001000000004,52.860001000000004,50.908394,667900
2014-02-25,53.0,54.580002,52.93,54.560001,52.545639,1117600
2014-02-26,54.830002,55.779999,54.18,54.66,52.64194499999999,1880100
2014-02-27,54.689999,55.529999,54.209998999999996,55.349998,53.306465,1139900
2014-02-28,55.09,55.32,53.82,54.349998,52.343379999999996,1198500
2014-03-03,54.669998,54.93,53.080002,53.490002000000004,51.515128999999995,659600
2014-03-04,53.709998999999996,55.0,53.48,54.0,52.00631,1189900
2014-03-05,53.900002,54.310001,53.380001,53.950001,51.958149,395000
2014-03-06,53.990002000000004,54.099998,53.040001000000004,53.189999,51.226208,617400
2014-03-07,53.439999,53.779999,52.59,53.389998999999996,51.418822999999996,776100
2014-03-10,53.200001,53.669998,52.240002000000004,53.290001000000004,51.322525,1155300
2014-03-11,53.490002000000004,54.799999,53.450001,54.5,52.487846,874700
2014-03-12,54.419998,54.740002000000004,52.77,54.279999,52.275967,1255500
2014-03-13,54.459998999999996,54.709998999999996,53.130001,53.599998,51.697272999999996,946400
2014-03-14,53.619999,53.950001,53.25,53.299999,51.407921,1071800
2014-03-17,53.439999,53.830002,52.93,52.959998999999996,51.079983,1011700
2014-03-18,52.950001,53.490002000000004,52.709998999999996,53.279999,51.388626,880800
2014-03-19,53.18,54.0,52.919998,53.279999,51.388626,645000
2014-03-20,53.41,54.220001,52.82,54.169998,52.247036,628100
2014-03-21,54.380001,54.810001,53.740002000000004,53.810001,51.899817999999996,1356800
2014-03-24,54.0,54.23,53.040001000000004,53.470001,51.571884000000004,895600
2014-03-25,53.700001,53.900002,53.169998,53.209998999999996,51.321106,708000
2014-03-26,53.32,53.5,52.009997999999996,52.040001000000004,50.192642,691100
2014-03-27,51.869999,51.970001,51.189999,51.450001,49.623596,492900
2014-03-28,51.619999,52.439999,51.540001000000004,52.16,50.30838,346100
2014-03-31,52.380001,52.580002,51.91,52.169998,50.318020000000004,334600
2014-04-01,52.439999,54.060001,52.290001000000004,53.919998,52.005909,593600
2014-04-02,53.919998,54.810001,53.59,54.669998,52.729275,500500
2014-04-03,54.77,55.0,54.580002,54.950001,52.999340000000004,427900
2014-04-04,54.82,55.349998,53.0,53.73,51.822659,492000
2014-04-07,53.709998999999996,54.0,51.529999,51.619999,49.787548,1054200
2014-04-08,51.34,51.779999,50.810001,51.41,49.585011,1213700
2014-04-09,51.459998999999996,51.59,51.23,51.5,49.671814000000005,1212800
2014-04-10,51.52,51.790001000000004,50.119999,50.68,48.880924,1488500
2014-04-11,50.529999,50.900002,49.860001000000004,50.009997999999996,48.234703,1184600
2014-04-14,50.279999,50.610001000000004,49.18,49.77,48.003227,605900
2014-04-15,49.880001,50.43,48.93,49.959998999999996,48.186481,419300
2014-04-16,50.16,50.720001,49.84,50.23,48.446896,254000
2014-04-17,50.07,50.540001000000004,49.43,50.150002,48.369743,427200
2014-04-21,49.98,50.650002,49.599998,50.630001,48.832691,225700
2014-04-22,50.709998999999996,51.150002,50.360001000000004,51.0,49.189571,422500
2014-04-23,50.889998999999996,50.959998999999996,49.98,50.400002,48.610867,507800
2014-04-24,50.619999,50.779999,49.720001,50.240002000000004,48.456547,659800
2014-04-25,49.950001,50.389998999999996,49.369999,49.540001000000004,47.781395,290300
2014-04-28,49.84,50.080002,48.450001,48.82,47.086948,605400
2014-04-29,48.959998999999996,49.43,48.459998999999996,48.900002,47.164116,442000
2014-04-30,49.0,49.459998999999996,48.439999,49.349998,47.598133000000004,481100
2014-05-01,51.0,51.860001000000004,49.48,51.25,49.430695,722100
2014-05-02,51.18,51.740002000000004,50.25,50.700001,48.900211,479000
2014-05-05,50.279999,50.52,49.57,50.060001,48.282936,413800
2014-05-06,49.950001,50.16,49.549999,49.889998999999996,48.118969,596000
2014-05-07,49.889998999999996,50.32,49.34,49.93,48.157536,598000
2014-05-08,49.599998,50.400002,49.110001000000004,49.360001000000004,47.60778,530600
2014-05-09,49.200001,50.16,48.669998,50.0,48.225063,489100
2014-05-12,50.049999,50.84,50.049999,50.48,48.688023,586100
2014-05-13,50.5,50.720001,50.330002,50.48,48.688023,638700
2014-05-14,50.299999,50.43,49.740002000000004,49.790001000000004,48.022514,470700
2014-05-15,49.52,49.740002000000004,47.98,48.290001000000004,46.575768,738400
2014-05-16,48.32,49.43,48.150002,49.279999,47.530628,719500
2014-05-19,49.299999,50.360001000000004,49.27,50.209998999999996,48.427608,653500
2014-05-20,49.869999,50.540001000000004,49.75,50.5,48.707314000000004,1543600
2014-05-21,50.52,51.029999,50.400002,50.709998999999996,48.909851,338500
2014-05-22,50.650002,51.84,50.32,51.490002000000004,49.662167,501100
2014-05-23,51.73,52.59,51.330002,52.459998999999996,50.597752,451800
2014-05-27,52.490002000000004,52.84,52.330002,52.470001,50.607388,331600
2014-05-28,52.619999,53.259997999999996,52.459998999999996,52.939999,51.060699,523700
2014-05-29,52.939999,53.860001000000004,52.939999,53.52,51.620106,815600
2014-05-30,53.490002000000004,53.509997999999996,52.330002,52.389998999999996,50.530224,400300
2014-06-02,52.77,52.77,52.040001000000004,52.07,50.221577,646500
2014-06-03,51.299999,52.740002000000004,51.299999,52.41,50.549510999999995,451900
2014-06-04,52.27,53.310001,52.23,53.150002,51.263252,621100
2014-06-05,53.200001,54.34,52.900002,54.310001,52.382069,608900
2014-06-06,54.43,56.09,54.369999,55.830002,53.848103,965400
2014-06-09,55.970001,56.810001,55.619999,56.349998,54.349647999999995,850400
2014-06-10,56.240002000000004,56.75,55.950001,56.73,54.716164,618100
2014-06-11,56.400002,56.419998,55.98,56.34,54.339996,625600
2014-06-12,56.18,56.560001,55.889998999999996,56.119999,54.204781000000004,1780200
2014-06-13,56.259997999999996,56.259997999999996,55.900002,56.09,54.17580400000001,545100
2014-06-16,55.93,57.360001000000004,55.84,57.130001,55.180317,634300
2014-06-17,56.880001,57.66,56.099998,57.25,55.296223,1436700
2014-06-18,57.23,57.5,57.049999,57.34,55.383143999999994,1901900
2014-06-19,57.330002,57.740002000000004,56.040001000000004,57.27,55.315536,875800
2014-06-20,57.139998999999996,57.779999,56.880001,57.619999,55.653583999999995,1265000
2014-06-23,57.720001,58.290001000000004,57.43,57.560001,55.595634,384500
2014-06-24,57.299999,57.57,56.490002000000004,56.68,54.745667000000005,580300
2014-06-25,56.619999,56.830002,56.040001000000004,56.689999,54.75533299999999,503900
2014-06-26,56.720001,56.779999,56.169998,56.32,54.397960999999995,336500
2014-06-27,56.450001,56.450001,55.52,55.580002,53.68320500000001,1105000
2014-06-30,55.52,56.75,55.419998,56.68,54.745667000000005,609900
2014-07-01,56.77,57.459998999999996,56.77,57.060001,55.112701,424500
2014-07-02,57.0,57.869999,57.0,57.369999,55.412113,484600
2014-07-03,57.459998999999996,57.740002000000004,57.02,57.16,55.209281999999995,138700
2014-07-07,57.040001000000004,57.040001000000004,55.939999,56.040001000000004,54.12751,274700
2014-07-08,56.040001000000004,56.040001000000004,54.990002000000004,55.509997999999996,53.615596999999994,424300
2014-07-09,55.5,56.029999,55.360001000000004,55.610001000000004,53.712185,342800
2014-07-10,54.849998,55.880001,54.619999,55.599998,53.702521999999995,496000
2014-07-11,55.669998,56.450001,55.439999,56.029999,54.117851,269000
2014-07-14,56.099998,56.57,55.619999,55.98,54.06955,426400
2014-07-15,55.849998,56.189999,55.279999,55.610001000000004,53.712185,306800
2014-07-16,55.790001000000004,56.110001000000004,55.139998999999996,55.43,53.53833,417400
2014-07-17,55.049999,55.169998,54.18,54.27,52.417919,408600
2014-07-18,54.349998,55.009997999999996,54.110001000000004,54.889998999999996,53.01675,300700
2014-07-21,54.790001000000004,55.049999,54.560001,54.759997999999996,52.89119,265900
2014-07-22,55.150002,55.580002,54.709998999999996,54.900002,53.026421,242000
2014-07-23,54.919998,55.09,54.099998,54.450001,52.591774,362800
2014-07-24,54.419998,55.459998999999996,54.290001000000004,54.970001,53.094028,412400
2014-07-25,54.630001,55.25,54.389998999999996,55.099998,53.219593,473700
2014-07-28,55.099998,55.110001000000004,53.32,53.57,51.741806,513200
2014-07-29,53.52,53.860001000000004,52.419998,52.450001,50.660027,582000
2014-07-30,52.549999,53.959998999999996,52.43,53.66,51.828734999999995,799300
2014-07-31,50.900002,52.73,49.93,51.43,49.674839,1583400
2014-08-01,51.43,51.48,49.59,50.360001000000004,48.641354,903900
2014-08-04,50.59,51.77,49.970001,50.119999,48.409542,956900
2014-08-05,50.139998999999996,50.93,49.799999,50.400002,48.679989,668400
2014-08-06,49.299999,50.23,48.830002,50.119999,48.409542,1078300
2014-08-07,50.5,50.630001,49.599998,49.869999,48.168076,622300
2014-08-08,49.919998,50.720001,49.919998,50.610001000000004,48.882824,850400
2014-08-11,50.759997999999996,51.029999,50.279999,50.360001000000004,48.641354,342200
2014-08-12,50.290001000000004,51.119999,50.279999,50.959998999999996,49.220871,712200
2014-08-13,51.060001,52.279999,51.060001,52.240002000000004,50.457195,708300
2014-08-14,52.23,52.360001000000004,51.669998,52.02,50.244698,626600
2014-08-15,52.330002,52.93,51.830002,52.259997999999996,50.476513,755500
2014-08-18,52.509997999999996,53.200001,52.169998,52.639998999999996,50.843548,325400
2014-08-19,52.799999,53.41,52.23,52.610001000000004,50.814571,513600
2014-08-20,52.630001,52.91,52.27,52.52,50.727646,332400
2014-08-21,52.630001,52.77,52.110001000000004,52.139998999999996,50.360603000000005,249600
2014-08-22,52.049999,52.119999,51.740002000000004,51.970001,50.196411,399800
2014-08-25,52.220001,52.560001,51.91,52.470001,50.679348,276100
2014-08-26,52.470001,52.580002,52.09,52.380001,50.592411,291400
2014-08-27,52.259997999999996,52.259997999999996,51.650002,52.009997999999996,50.235034999999996,281200
2014-08-28,51.73,51.790001000000004,51.209998999999996,51.549999,49.790741,438400
2014-08-29,51.549999,51.75,51.240002000000004,51.43,49.674839,372000
2014-09-02,51.529999,52.299999,51.459998999999996,52.27,50.486168,661900
2014-09-03,52.639998999999996,52.880001,51.98,52.189999,50.408896999999996,393900
2014-09-04,52.279999,52.84,52.07,52.330002,50.544121000000004,411300
2014-09-05,52.470001,52.650002,51.91,52.48,50.689007000000004,517700
2014-09-08,52.310001,52.619999,52.060001,52.220001,50.437881,477300
2014-09-09,52.16,52.490002000000004,51.509997999999996,51.740002000000004,49.974258,533300
2014-09-10,51.630001,52.16,51.25,51.950001,50.177105,620400
2014-09-11,51.790001000000004,52.52,51.77,52.060001,50.283337,472200
2014-09-12,51.830002,51.900002,50.709998999999996,50.869999,49.209564,811300
2014-09-15,50.73,50.900002,50.080002,50.799999,49.14185,818700
2014-09-16,50.720001,51.41,50.580002,51.099998,49.432064000000004,671700
2014-09-17,51.16,52.25,50.91,51.060001,49.393368,610400
2014-09-18,51.23,51.23,50.52,50.619999,48.967724,551200
2014-09-19,50.880001,50.880001,47.470001,49.860001000000004,48.232535999999996,1925100
2014-09-22,49.66,49.82,49.169998,49.200001,47.594086,829600
2014-09-23,49.049999,49.470001,48.540001000000004,48.919998,47.323215000000005,760000
2014-09-24,48.900002,49.209998999999996,48.810001,49.0,47.400604,470900
2014-09-25,48.77,49.0,48.060001,48.209998999999996,46.636395,604800
2014-09-26,48.25,48.529999,48.189999,48.400002,46.820190000000004,664800
2014-09-29,48.02,48.540001000000004,47.790001000000004,48.0,46.433246999999994,900800
2014-09-30,47.900002,48.0,47.310001,47.639998999999996,46.084990999999995,1371500
2014-10-01,47.439999,48.0,46.880001,47.77,46.210758,1083800
2014-10-02,47.68,48.07,47.369999,47.869999,46.307491,2127100
2014-10-03,48.830002,49.209998999999996,48.580002,49.139998999999996,47.536034,968600
2014-10-06,49.200001,49.470001,48.470001,48.59,47.00399,750300
2014-10-07,48.369999,48.369999,46.580002,46.59,45.069271,691600
2014-10-08,46.540001000000004,47.279999,45.849998,47.240002000000004,45.698055,1061700
2014-10-09,47.389998999999996,47.389998999999996,46.540001000000004,46.700001,45.175678000000005,617300
2014-10-10,46.580002,46.970001,46.200001,46.25,44.740368,776400
2014-10-13,46.220001,46.48,45.279999,45.32,43.840717,824500
2014-10-14,45.509997999999996,45.889998999999996,44.82,45.060001,43.589214,976900
2014-10-15,44.560001,46.0,43.810001,45.720001,44.227669,1284600
2014-10-16,44.630001,46.5,44.220001,46.330002,44.817764000000004,696500
2014-10-17,46.73,47.57,46.32,46.75,45.224049,756800
2014-10-20,46.580002,47.169998,46.57,46.900002,45.369147999999996,602400
2014-10-21,47.169998,48.470001,47.169998,48.23,46.655739000000004,657200
2014-10-22,48.240002000000004,48.509997999999996,47.0,47.099998,45.562614,696000
2014-10-23,47.700001,48.779999,47.259997999999996,48.450001,46.868565000000004,733300
2014-10-24,48.490002000000004,49.169998,48.07,49.119999,47.516689,414700
2014-10-27,48.869999,49.310001,48.549999,49.150002,47.545704,584000
2014-10-28,49.419998,50.25,49.080002,50.200001,48.561436,730600
2014-10-29,50.509997999999996,51.369999,49.66,50.290001000000004,48.648502,1184500
2014-10-30,50.18,53.049999,49.240002000000004,52.639998999999996,50.921787,1203500
2014-10-31,53.619999,54.57,52.869999,53.09,51.357105,2535400
2014-11-03,53.16,53.59,52.91,53.43,51.686012,811100
2014-11-04,53.389998999999996,53.84,53.09,53.119999,51.38612,1120800
2014-11-05,53.43,53.580002,52.740002000000004,53.049999,51.318409,539900
2014-11-06,53.330002,53.509997999999996,52.869999,53.419998,51.676334000000004,1041500
2014-11-07,53.439999,53.560001,52.900002,52.959998999999996,51.231346,1249500
2014-11-10,53.110001000000004,53.110001000000004,52.57,52.68,50.960484,562600
2014-11-11,52.810001,53.389998999999996,52.369999,52.52,50.805706,582100
2014-11-12,52.310001,52.669998,52.009997999999996,52.5,50.786365999999994,631100
2014-11-13,52.57,52.68,51.880001,52.119999,50.41877,375500
2014-11-14,52.0,52.509997999999996,51.790001000000004,52.27,50.563885,372900
2014-11-17,52.189999,52.919998,52.110001000000004,52.84,51.115257,529600
2014-11-18,52.91,54.049999,52.68,53.869999,52.111645,629300
2014-11-19,53.939999,54.32,53.540001000000004,54.0,52.2374,758000
2014-11-20,53.619999,54.360001000000004,53.52,54.09,52.324463,220800
2014-11-21,54.799999,54.880001,54.02,54.200001,52.430873999999996,488700
2014-11-24,54.25,54.490002000000004,53.880001,53.950001,52.189029999999995,482200
2014-11-25,53.939999,53.970001,53.279999,53.57,51.821438,453300
2014-11-26,53.599998,53.799999,52.900002,53.060001,51.328083,537700
2014-11-28,53.09,54.16,53.09,53.849998,52.092296999999995,343200
2014-12-01,53.790001000000004,53.98,53.25,53.700001,51.947193,467000
2014-12-02,53.790001000000004,54.419998,53.639998999999996,54.360001000000004,52.585648,316000
2014-12-03,54.560001,55.080002,54.41,54.689999,52.904881,1397500
2014-12-04,54.720001,54.990002000000004,54.400002,54.59,52.80814,570900
2014-12-05,54.810001,55.610001000000004,54.59,55.549999,53.736813,861100
2014-12-08,55.560001,55.91,54.599998,54.91,53.117687,601500
2014-12-09,54.029999,55.080002,53.860001000000004,55.0,53.204765,423800
2014-12-10,54.689999,55.099998,53.970001,54.150002,52.382515000000005,464300
2014-12-11,54.07,54.970001,53.580002,54.189999,52.421203999999996,394800
2014-12-12,53.689999,54.139998999999996,53.619999,53.810001,52.130565999999995,592700
2014-12-15,54.0,54.41,53.349998,53.700001,52.023998,452600
2014-12-16,53.599998,54.099998,52.959998999999996,53.43,51.762423999999996,1016300
2014-12-17,53.540001000000004,54.209998999999996,53.0,54.110001000000004,52.4212,418500
2014-12-18,54.810001,54.98,54.279999,54.950001,53.234989,504700
2014-12-19,55.380001,55.389998999999996,54.650002,54.990002000000004,53.273739,686900
2014-12-22,54.98,55.610001000000004,54.77,55.610001000000004,53.874390000000005,277900
2014-12-23,55.610001000000004,55.860001000000004,55.400002,55.68,53.942204000000004,362700
2014-12-24,55.810001,55.900002,55.400002,55.73,53.99063100000001,134000
2014-12-26,55.77,56.0,55.580002,55.650002,53.913143000000005,193000
2014-12-29,55.540001000000004,56.060001,55.290001000000004,55.91,54.165024,340600
2014-12-30,55.689999,55.889998999999996,55.41,55.66,53.922825,448600
2014-12-31,55.869999,56.049999,55.25,55.459998999999996,53.729068999999996,564100
2015-01-02,55.490002000000004,55.599998,53.970001,55.049999,53.33186,668800
2015-01-05,54.73,55.240002000000004,54.560001,54.939999,53.225292,534600
2015-01-06,55.0,55.16,54.080002,54.849998,53.138111,1337500
2015-01-07,55.09,56.0,54.810001,55.599998,53.864697,718400
2015-01-08,55.709998999999996,56.380001,55.18,56.349998,54.591286,893900
2015-01-09,56.110001000000004,56.330002,55.790001000000004,55.880001,54.135967,539300
2015-01-12,55.939999,55.990002000000004,54.849998,54.990002000000004,53.273739,336600
2015-01-13,55.299999,56.459998999999996,54.450001,55.099998,53.380302,520200
2015-01-14,54.57,55.389998999999996,54.18,55.330002,53.60313000000001,544200
2015-01-15,55.549999,55.66,53.349998,53.799999,52.120876,1114300
2015-01-16,53.84,54.349998,53.169998,53.369999,51.704288,2678200
2015-01-20,53.439999,53.919998,52.59,52.790001000000004,51.142395,1136000
2015-01-21,52.580002,53.450001,52.330002,52.919998,51.268341,1614200
2015-01-22,53.119999,54.43,52.900002,54.360001000000004,52.663391000000004,894200
2015-01-23,54.310001,55.0,54.310001,54.48,52.779655000000005,403700
2015-01-26,54.759997999999996,54.830002,53.77,53.91,52.227436,702600
2015-01-27,53.200001,54.040001000000004,53.07,53.799999,52.120876,476800
2015-01-28,54.299999,55.16,53.91,54.349998,52.65370600000001,695100
2015-01-29,54.150002,54.900002,53.709998999999996,54.790001000000004,53.079983,456600
2015-01-30,54.52,54.919998,53.880001,54.009997999999996,52.324314,591800
2015-02-02,54.299999,54.529999,53.43,54.490002000000004,52.789336999999996,1213600
2015-02-03,54.939999,55.43,54.700001,55.049999,53.33186,426900
2015-02-04,55.029999,55.970001,54.970001,55.630001,53.893761,578300
2015-02-05,55.75,57.060001,55.75,57.0,55.220997,627800
2015-02-06,57.220001,57.799999,57.009997999999996,57.549999,55.753826000000004,972100
2015-02-09,57.540001000000004,58.099998,56.880001,56.91,55.133816,730300
2015-02-10,57.220001,57.349998,56.259997999999996,56.880001,55.104752000000005,527400
2015-02-11,56.939999,57.209998999999996,56.389998999999996,56.720001,54.949741,860000
2015-02-12,57.139998999999996,57.889998999999996,56.849998,57.759997999999996,55.957283,723800
2015-02-13,57.720001,58.82,57.189999,58.66,56.829197,746300
2015-02-17,58.790001000000004,59.5,58.389998999999996,58.560001,56.732319,1336700
2015-02-18,56.880001,57.43,55.130001,56.0,54.252213,1721100
2015-02-19,55.939999,57.860001000000004,55.790001000000004,57.619999,55.82164399999999,1670200
2015-02-20,57.439999,58.720001,56.98,58.599998,56.771060999999996,980200
2015-02-23,58.360001000000004,58.720001,57.93,58.34,56.519188,769700
2015-02-24,58.110001000000004,58.790001000000004,57.900002,58.400002,56.577309,526600
2015-02-25,58.48,59.07,58.16,58.549999,56.722618000000004,626000
2015-02-26,58.740002000000004,58.77,58.029999,58.290001000000004,56.470741000000004,507200
2015-02-27,58.209998999999996,58.540001000000004,57.689999,57.73,55.928222999999996,342900
2015-03-02,57.77,58.91,57.639998999999996,58.82,56.98419200000001,694300
2015-03-03,58.439999,58.82,58.049999,58.5,56.674179,612000
2015-03-04,58.650002,58.84,57.98,58.450001,56.62574,937900
2015-03-05,58.48,58.48,57.799999,58.110001000000004,56.29636,480000
2015-03-06,57.689999,57.98,57.360001000000004,57.450001,55.656952000000004,413900
2015-03-09,57.41,58.139998999999996,57.400002,57.990002000000004,56.180099,342800
2015-03-10,57.689999,58.009997999999996,57.110001000000004,57.610001000000004,55.811958,491100
2015-03-11,57.700001,58.259997999999996,57.580002,57.91,56.10260400000001,559900
2015-03-12,57.93,58.52,57.93,58.400002,56.577309,420900
2015-03-13,58.09,58.669998,57.799999,58.16,56.441441000000005,562300
2015-03-16,58.509997999999996,58.77,58.009997999999996,58.740002000000004,57.004298999999996,494300
2015-03-17,58.209998999999996,58.740002000000004,58.040001000000004,58.34,56.616127,446100
2015-03-18,58.290001000000004,60.099998,58.060001,59.84,58.071796,634800
2015-03-19,59.860001000000004,60.040001000000004,59.290001000000004,60.009997999999996,58.236771,599900
2015-03-20,60.41,61.220001,60.23,61.139998999999996,59.333378,923000
2015-03-23,61.240002000000004,61.700001,60.810001,60.900002,59.10047900000001,685900
2015-03-24,60.740002000000004,61.400002,60.380001,60.900002,59.10047900000001,529500
2015-03-25,60.84,61.23,60.139998999999996,60.310001,58.527919999999995,652900
2015-03-26,60.299999,60.669998,59.98,60.509997999999996,58.722,554100
2015-03-27,60.490002000000004,61.299999,60.16,61.23,59.420722999999995,896700
2015-03-30,61.400002,61.970001,61.400002,61.91,60.080635,457400
2015-03-31,61.5,61.93,61.049999,61.169998,59.362499,428200
2015-04-01,60.98,61.330002,60.790001000000004,61.080002,59.275162,443500
2015-04-02,61.150002,61.709998999999996,60.939999,61.450001,59.634235,275700
2015-04-06,61.18,62.16,61.029999,61.650002,59.82832,653400
2015-04-07,61.400002,61.709998999999996,61.279999,61.57,59.750679000000005,398800
2015-04-08,61.529999,61.73,61.18,61.689999,59.867142,512100
2015-04-09,61.700001,61.799999,61.139998999999996,61.439999,59.624522999999996,425500
2015-04-10,61.52,61.720001,60.869999,61.240002000000004,59.430431000000006,559800
2015-04-13,61.169998,61.580002,60.25,60.279999,58.498802000000005,438800
2015-04-14,60.32,60.68,59.599998,59.970001,58.197964,681000
2015-04-15,60.02,60.610001000000004,60.02,60.490002000000004,58.702599,443500
2015-04-16,60.380001,60.470001,59.700001,60.16,58.382343000000006,350400
2015-04-17,59.720001,59.720001,58.779999,59.099998,57.353668000000006,462000
2015-04-20,59.200001,59.68,59.080002,59.310001,57.557472,403300
2015-04-21,59.689999,59.93,59.330002,59.810001,58.042685999999996,326600
2015-04-22,59.869999,60.48,59.720001,60.360001000000004,58.57643100000001,485400
2015-04-23,60.07,60.18,59.529999,59.740002000000004,57.974757999999994,1013000
2015-04-24,59.689999,61.080002,59.630001,60.959998999999996,59.158703,873500
2015-04-27,60.970001,61.450001,60.5,60.59,58.799641,793100
2015-04-28,60.400002,61.099998,60.240002000000004,60.810001,59.013142,950300
2015-04-29,60.650002,60.700001,60.060001,60.549999,58.760815,560600
2015-04-30,61.049999,62.540001000000004,60.900002,61.150002,59.343098,2075800
2015-05-01,60.619999,61.810001,60.18,61.450001,59.634235,1464200
2015-05-04,61.099998,62.360001000000004,61.099998,62.25,60.410591000000004,672200
2015-05-05,61.919998,62.360001000000004,61.349998,61.5,59.68275500000001,577100
2015-05-06,61.639998999999996,61.849998,60.93,61.279999,59.46925,531600
2015-05-07,61.07,62.0,60.82,61.490002000000004,59.673054,1243500
2015-05-08,62.0,62.529999,61.66,62.380001,60.536747,874400
2015-05-11,62.369999,63.419998,62.369999,63.18,61.313103000000005,1367300
2015-05-12,62.869999,63.080002,61.549999,61.779999,59.954475,565200
2015-05-13,61.75,62.290001000000004,61.599998,61.740002000000004,59.915661,621200
2015-05-14,62.200001,62.200001,61.759997999999996,61.869999,60.041813,587900
2015-05-15,61.830002,62.040001000000004,61.419998,61.790001000000004,59.964183999999996,890700
2015-05-18,61.82,62.119999,61.57,61.889998999999996,60.061234,691200
2015-05-19,62.099998,62.990002000000004,61.790001000000004,61.830002,60.003002,546400
2015-05-20,62.02,62.02,61.400002,61.540001000000004,59.721573,480700
2015-05-21,61.709998999999996,61.77,61.189999,61.400002,59.585708999999994,579900
2015-05-22,61.400002,61.779999,60.990002000000004,61.259997999999996,59.449837,252700
2015-05-26,61.220001,61.369999,60.66,60.889998999999996,59.090775,375400
2015-05-27,61.32,61.919998,60.93,61.82,59.99329399999999,286200
2015-05-28,61.610001000000004,61.970001,61.360001000000004,61.939999,60.109749,376200
2015-05-29,62.009997999999996,62.970001,61.869999,62.439999,60.594967000000004,670800
2015-06-01,62.470001,62.470001,61.889998999999996,62.040001000000004,60.206791,357600
2015-06-02,62.0,62.700001,61.689999,62.389998999999996,60.546448,271400
2015-06-03,62.369999,63.040001000000004,61.799999,62.810001,60.954041000000004,458300
2015-06-04,62.25,62.66,61.740002000000004,61.830002,60.003002,223800
2015-06-05,61.650002,62.040001000000004,61.110001000000004,61.900002,60.070933999999994,314300
2015-06-08,61.73,62.09,61.389998999999996,61.400002,59.585708999999994,232100
2015-06-09,61.34,61.34,60.73,60.950001,59.14900600000001,415300
2015-06-10,61.02,61.939999,61.02,61.619999,59.799198,336000
2015-06-11,61.82,62.25,61.529999,61.650002,59.82832,344900
2015-06-12,61.529999,61.970001,60.970001,61.099998,59.390903,276600
2015-06-15,60.849998,61.099998,60.330002,60.860001000000004,59.157623,431300
2015-06-16,60.630001,60.98,60.290001000000004,60.610001000000004,58.914616,320500
2015-06-17,60.82,61.240002000000004,60.209998999999996,61.169998,59.458946,352200
2015-06-18,61.27,61.919998,61.119999,61.41,59.69224200000001,335800
2015-06-19,61.369999,62.009997999999996,61.040001000000004,61.669998,59.944962,647000
2015-06-22,62.0,62.459998999999996,61.709998999999996,62.080002,60.343491,275300
2015-06-23,62.02,62.580002,61.77,62.080002,60.343491,425800
2015-06-24,62.279999,62.799999,61.77,62.049999,60.314327,508700
2015-06-25,62.049999,62.630001,61.639998999999996,61.73,60.003283999999994,229700
2015-06-26,61.82,62.040001000000004,61.529999,61.630001,59.906082,256900
2015-06-29,61.509997999999996,61.639998999999996,59.799999,59.900002,58.224468,525600
2015-06-30,60.490002000000004,61.02,60.009997999999996,60.139998999999996,58.45776,617900
2015-07-01,60.73,60.810001,60.080002,60.209998999999996,58.525799,612300
2015-07-02,60.5,60.59,59.639998999999996,59.77,58.09810600000001,308500
2015-07-06,59.48,60.130001,59.09,59.560001,57.893978000000004,340900
2015-07-07,59.73,59.73,58.68,59.650002,57.981460999999996,876400
2015-07-08,59.290001000000004,59.439999,58.43,58.48,56.844196,477200
2015-07-09,59.25,59.650002,59.09,59.189999,57.53433199999999,593100
2015-07-10,59.830002,60.439999,59.650002,60.27,58.584122,753800
2015-07-13,60.75,61.060001,60.389998999999996,60.990002000000004,59.283993,615200
2015-07-14,61.02,61.630001,60.75,61.52,59.799164000000005,361700
2015-07-15,61.380001,61.849998,60.599998,60.889998999999996,59.186779,453100
2015-07-16,61.189999,61.419998,60.970001,61.27,59.55615600000001,339400
2015-07-17,61.09,61.939999,61.09,61.389998999999996,59.672791000000004,787000
2015-07-20,61.41,61.790001000000004,61.150002,61.669998,59.944962,309300
2015-07-21,61.59,61.73,60.669998,60.82,59.11874399999999,355500
2015-07-22,60.759997999999996,61.48,60.68,61.07,59.361743999999995,376400
2015-07-23,61.360001000000004,61.799999,60.939999,61.080002,59.371471,572900
2015-07-24,61.310001,61.860001000000004,61.049999,61.43,59.711681000000006,728400
2015-07-27,61.130001,61.560001,60.610001000000004,61.200001,59.488113,1057600
2015-07-28,61.32,62.849998,61.209998999999996,62.389998999999996,60.64482099999999,966300
2015-07-29,62.560001,63.860001000000004,62.560001,63.75,61.966781999999995,805300
2015-07-30,63.900002,66.050003,61.560001,63.200001,61.43216700000001,1392300
2015-07-31,63.68,63.939999,63.060001,63.220001,61.451606999999996,646600
2015-08-03,63.220001,63.310001,62.380001,62.689999,60.936424,543400
2015-08-04,62.799999,63.060001,62.439999,62.630001,60.878113,429500
2015-08-05,63.310001,63.669998,62.580002,62.880001,61.12112,551100
2015-08-06,62.889998999999996,62.93,61.91,62.290001000000004,60.547615,428500
2015-08-07,62.240002000000004,62.700001,61.849998,62.669998,60.916985,398200
2015-08-10,63.049999,63.529999,62.889998999999996,63.380001,61.607128,304900
2015-08-11,62.880001,63.189999,62.720001,63.16,61.393283999999994,320100
2015-08-12,62.799999,63.080002,61.900002,63.07,61.305797999999996,392400
2015-08-13,62.950001,63.470001,62.580002,63.290001000000004,61.519653000000005,325200
2015-08-14,63.25,63.630001,63.040001000000004,63.599998,61.820972,157800
2015-08-17,63.560001,64.699997,62.98,64.68,62.870766,445200
2015-08-18,64.66999799999999,64.860001,63.240002000000004,64.57,62.763851,634000
2015-08-19,64.050003,64.41999799999999,63.66,64.230003,62.433356999999994,458800
2015-08-20,63.549999,63.650002,62.560001,62.599998,60.848949,667200
2015-08-21,62.150002,62.150002,60.369999,60.380001,58.691047999999995,469200
2015-08-24,56.880001,59.419998,54.34,58.560001,56.921958999999994,1387800
2015-08-25,59.75,59.91,56.880001,56.950001,55.356991,932100
2015-08-26,58.290001000000004,59.09,57.119999,59.02,57.369087,986000
2015-08-27,59.490002000000004,60.779999,59.169998,60.509997999999996,58.817406000000005,680100
2015-08-28,60.48,60.799999,59.740002000000004,60.27,58.584122,619300
2015-08-31,59.959998999999996,60.220001,59.34,59.610001000000004,57.942593,398000
2015-09-01,57.169998,58.779999,57.169998,58.560001,56.921958999999994,755700
2015-09-02,59.220001,59.32,58.34,59.32,57.66069399999999,346100
2015-09-03,59.41,60.450001,58.529999,59.790001000000004,58.11755,569200
2015-09-04,59.049999,59.25,58.27,58.720001,57.077484,421400
2015-09-08,59.689999,60.389998999999996,59.110001000000004,60.360001000000004,58.671604,301200
2015-09-09,60.830002,61.189999,60.080002,60.200001,58.516082999999995,612100
2015-09-10,60.080002,60.77,59.59,60.299999,58.613289,426200
2015-09-11,59.919998,60.669998,59.580002,60.630001,58.934048,271500
2015-09-14,60.439999,60.759997999999996,60.16,60.720001,59.119049,385100
2015-09-15,60.93,61.810001,60.540001000000004,61.639998999999996,60.014790000000005,397600
2015-09-16,61.490002000000004,62.080002,61.080002,61.810001,60.180308999999994,422600
2015-09-17,61.709998999999996,62.82,61.470001,62.040001000000004,60.40424,550700
2015-09-18,61.400002,61.98,61.0,61.119999,59.508492000000004,754000
2015-09-21,61.450001,61.93,61.130001,61.720001,60.092674,396900
2015-09-22,61.07,61.259997999999996,60.139998999999996,60.369999,58.778271,394300
2015-09-23,60.599998,60.669998,60.060001,60.59,58.99247,474600
2015-09-24,60.099998,60.299999,59.450001,60.18,58.593277,304800
2015-09-25,60.529999,60.599998,59.52,59.639998999999996,58.067516000000005,570300
2015-09-28,59.380001,59.380001,56.75,57.259997999999996,55.750263000000004,695400
2015-09-29,57.23,57.41,55.619999,56.07,54.591640000000005,639400
2015-09-30,56.52,57.740002000000004,56.310001,57.66,56.139725,563400
2015-10-01,57.950001,58.59,57.07,58.560001,57.015995,704800
2015-10-02,57.98,58.099998,57.049999,58.080002,56.548649,692600
2015-10-05,58.450001,59.650002,58.41,59.009997999999996,57.454128000000004,514900
2015-10-06,59.150002,59.68,58.360001000000004,58.650002,57.103618999999995,600700
2015-10-07,58.869999,59.689999,58.779999,59.639998999999996,58.067516000000005,617300
2015-10-08,59.389998999999996,59.880001,58.889998999999996,59.740002000000004,58.164879000000006,518600
2015-10-09,59.810001,60.43,59.389998999999996,59.669998,58.096722,500600
2015-10-12,59.689999,59.889998999999996,58.990002000000004,59.139998999999996,57.5807,421300
2015-10-13,58.900002,59.52,58.330002,58.860001000000004,57.308079000000006,531400
2015-10-14,58.810001,59.299999,58.259997999999996,58.830002,57.278873,630000
2015-10-15,59.220001,60.610001000000004,58.73,60.34,58.749058,745700
2015-10-16,60.59,60.950001,60.110001000000004,60.32,58.729588,697000
2015-10-19,60.029999,60.310001,59.439999,59.98,58.398556000000006,513500
2015-10-20,59.939999,62.900002,59.939999,61.990002000000004,60.355553,924500
2015-10-21,62.34,62.490002000000004,61.09,61.27,59.654545,384300
2015-10-22,61.52,64.379997,61.400002,64.0,62.312560999999995,1248300
2015-10-23,64.379997,64.43,63.599998,63.73,62.049679000000005,1077000
2015-10-26,63.77,64.120003,63.150002,64.07,62.380718,436500
2015-10-27,63.810001,64.5,63.740002000000004,64.5,62.799385,1020500
2015-10-28,64.58000200000001,65.339996,63.610001000000004,65.199997,63.48091899999999,1158000
2015-10-29,67.5,67.5,62.639998999999996,64.510002,62.809109,1792600
2015-10-30,64.589996,65.660004,63.959998999999996,65.16999799999999,63.451717,1029100
2015-11-02,65.18,66.839996,64.900002,66.75,64.990059,936900
2015-11-03,66.5,66.5,65.150002,65.33000200000001,63.607502000000004,877300
2015-11-04,64.459999,65.360001,64.459999,64.699997,62.994099,1181900
2015-11-05,63.98,64.5,63.669998,64.160004,62.468348999999996,1010500
2015-11-06,64.08000200000001,64.540001,63.27,64.269997,62.575439,855900
2015-11-09,64.220001,64.239998,63.02,63.68,62.000995999999994,782700
2015-11-10,63.619999,63.790001000000004,62.77,63.330002,61.660229,839500
2015-11-11,63.580002,65.07,63.34,65.010002,63.295937,747400
2015-11-12,64.5,65.099998,64.25,64.68,62.97463199999999,1038300
2015-11-13,64.629997,65.019997,63.66,63.689999,62.010738,650300
2015-11-16,63.990002000000004,64.879997,63.59,64.720001,63.013577000000005,778000
2015-11-17,65.0,65.139999,64.339996,64.589996,62.887005,846200
2015-11-18,65.16999799999999,65.900002,64.66999799999999,65.849998,64.113777,1059700
2015-11-19,65.900002,66.760002,65.43,66.68,64.921898,1700800
2015-11-20,66.82,67.0,66.239998,66.510002,64.756371,2377900
2015-11-23,66.639999,66.83000200000001,65.449997,65.690002,63.958012,777600
2015-11-24,65.470001,65.470001,64.540001,65.18,63.461437,988900
2015-11-25,65.5,66.66999799999999,65.18,66.400002,64.649284,634300
2015-11-27,66.489998,67.279999,66.400002,67.129997,65.360023,274600
2015-11-30,67.269997,67.989998,67.010002,67.209999,65.43791999999999,1311700
2015-12-01,67.339996,68.08000200000001,67.25,68.029999,66.236313,899000
2015-12-02,67.900002,68.08000200000001,67.029999,67.309998,65.535294,643400
2015-12-03,67.400002,67.400002,65.410004,66.099998,64.357185,578200
2015-12-04,66.349998,67.480003,65.879997,67.120003,65.35030400000001,660700
2015-12-07,66.970001,67.150002,66.360001,66.389999,64.639542,534400
2015-12-08,65.639999,66.5,65.41999799999999,65.849998,64.113777,464800
2015-12-09,65.139999,66.370003,64.970001,65.18,63.461437,577500
2015-12-10,65.18,65.91999799999999,64.989998,65.389999,63.665913,571200
2015-12-11,64.739998,65.440002,64.43,64.589996,62.887005,518200
2015-12-14,64.529999,64.970001,63.639998999999996,64.910004,63.296574,810600
2015-12-15,65.209999,65.730003,64.940002,65.43,63.803642,582000
2015-12-16,65.970001,66.660004,65.41999799999999,66.459999,64.808029,611200
2015-12-17,66.480003,66.480003,65.599998,65.620003,63.988914,586400
2015-12-18,65.389999,65.540001,63.959998999999996,64.650002,63.043026,1609900
2015-12-21,65.0,65.489998,64.379997,64.760002,63.15029499999999,459400
2015-12-22,65.07,65.199997,64.41999799999999,65.16999799999999,63.550098,443500
2015-12-23,65.550003,65.940002,65.239998,65.82,64.183929,313400
2015-12-24,65.839996,65.91999799999999,65.440002,65.610001,63.979149,114200
2015-12-28,65.449997,66.389999,65.120003,66.309998,64.66175799999999,303800
2015-12-29,67.040001,67.540001,66.57,66.959999,65.295601,475300
2015-12-30,66.699997,67.089996,66.449997,66.610001,64.95431500000001,309900
2015-12-31,66.260002,66.91999799999999,65.309998,65.91999799999999,64.281456,310900
2016-01-04,64.879997,64.879997,63.389998999999996,64.529999,62.92600600000001,845000
2016-01-05,64.57,65.400002,64.110001,64.459999,62.85775400000001,525600
2016-01-06,63.619999,63.830002,62.389998999999996,62.77,61.209755,505500
2016-01-07,61.630001,62.290001000000004,60.75,60.959998999999996,59.444748,613600
2016-01-08,61.299999,61.709998999999996,59.619999,59.77,58.284321,675700
2016-01-11,60.02,60.450001,58.98,59.490002000000004,58.011288,562700
2016-01-12,59.959998999999996,60.439999,59.330002,60.110001000000004,58.61587900000001,521100
2016-01-13,60.529999,60.689999,58.66,58.810001,57.34819399999999,513400
2016-01-14,59.799999,60.939999,59.040001000000004,60.23,58.73289499999999,929400
2016-01-15,60.419998,60.419998,56.66,58.68,57.221416000000005,1231500
2016-01-19,60.049999,60.209998999999996,57.279999,58.009997999999996,56.568073,1000000
2016-01-20,57.549999,58.040001000000004,55.529999,57.41,55.982994,1355200
2016-01-21,57.439999,57.77,55.759997999999996,57.209998999999996,55.78795600000001,1152600
2016-01-22,58.150002,60.130001,58.130001,59.959998999999996,58.469604000000004,1086900
2016-01-25,59.689999,60.349998,58.830002,59.189999,57.71875,1114700
2016-01-26,59.040001000000004,60.119999,58.779999,59.939999,58.450104,638000
2016-01-27,59.68,60.57,59.369999,59.73,58.245318999999995,711800
2016-01-28,60.060001,60.169998,58.759997999999996,59.220001,57.748005000000006,668100
2016-01-29,59.529999,60.650002,59.169998,60.560001,59.054691000000005,677700
2016-02-01,60.0,60.740002000000004,59.529999,60.450001,58.947426,982600
2016-02-02,59.950001,59.950001,58.310001,58.73,57.270176,1217300
2016-02-03,59.389998999999996,59.490002000000004,57.700001,59.380001,57.904022,897500
2016-02-04,59.32,60.970001,59.220001,59.799999,58.313576,541000
2016-02-05,59.830002,60.349998,56.009997999999996,56.27,54.87131899999999,1627200
2016-02-08,55.380001,55.880001,52.950001,53.77,52.433471999999995,2161000
2016-02-09,53.330002,54.950001,53.189999,54.279999,52.930786,1412100
2016-02-10,54.810001,56.52,54.41,54.849998,53.486614,1245900
2016-02-11,56.189999,58.77,54.450001,56.740002000000004,55.329646999999994,2540800
2016-02-12,58.09,58.869999,57.169998,57.5,56.070751,1869100
2016-02-16,58.380001,58.810001,56.880001,58.5,57.045898,1177600
2016-02-17,58.900002,59.549999,58.43,58.810001,57.34819399999999,1186300
2016-02-18,59.09,59.400002,58.380001,58.59,57.133658999999994,987300
2016-02-19,58.5,58.799999,57.970001,58.759997999999996,57.299434999999995,2485200
2016-02-22,58.759997999999996,61.43,58.759997999999996,61.07,59.552013,988400
2016-02-23,60.799999,62.0,60.529999,61.110001000000004,59.591015000000006,742900
2016-02-24,60.450001,62.77,60.009997999999996,62.630001,61.073238,1014800
2016-02-25,62.720001,63.869999,60.599998,63.799999,62.214153,912100
2016-02-26,64.0,64.5,63.130001,63.880001,62.292168000000004,748800
2016-02-29,63.919998,64.239998,62.939999,63.0,61.434031999999995,1127900
2016-03-01,63.580002,64.910004,63.32,64.83000200000001,63.218563,1140800
2016-03-02,64.589996,64.980003,64.050003,64.639999,63.033272,674000
2016-03-03,64.57,64.980003,64.220001,64.839996,63.228306,695300
2016-03-04,64.83000200000001,65.0,63.84,63.939999,62.350677000000005,836800
2016-03-07,63.59,63.959998999999996,62.98,63.490002000000004,61.911865,913100
2016-03-08,63.080002,63.360001000000004,62.43,62.950001,61.385281000000006,972300
2016-03-09,63.43,63.68,62.869999,63.32,61.746081999999994,479000
2016-03-10,63.549999,64.110001,62.630001,63.099998,61.531558999999994,579400
2016-03-11,63.779999,63.959998999999996,63.349998,63.75,62.165397999999996,440100
2016-03-14,63.23,64.470001,63.23,64.16999799999999,62.692969999999995,569500
2016-03-15,63.66,64.150002,63.41,63.639998999999996,62.175171,463000
2016-03-16,63.34,64.099998,63.029999,63.759997999999996,62.292412,486900
2016-03-17,63.630001,64.519997,63.150002,64.370003,62.888374,596200
2016-03-18,64.68,65.360001,64.489998,64.559998,63.073986,865700
2016-03-21,64.260002,64.739998,63.970001,64.489998,63.005607999999995,701500
2016-03-22,64.160004,64.459999,63.950001,64.220001,62.741820999999995,536600
2016-03-23,64.07,64.07,63.220001,63.360001000000004,61.901615,454600
2016-03-24,63.23,63.380001,62.689999,63.139998999999996,61.68668,448100
2016-03-28,63.330002,63.529999,62.93,63.369999,61.911381000000006,313000
2016-03-29,63.41,63.810001,62.959998999999996,63.639998999999996,62.175171,589800
2016-03-30,63.82,63.939999,63.040001000000004,63.84,62.370564,471100
2016-03-31,63.799999,64.290001,63.459998999999996,63.709998999999996,62.243553000000006,521100
2016-04-01,63.470001,65.5,63.080002,65.379997,63.875114,933700
2016-04-04,65.370003,65.839996,64.66999799999999,64.860001,63.367088,453800
2016-04-05,64.550003,65.220001,64.07,64.699997,63.21077,979000
2016-04-06,64.860001,66.279999,64.68,66.209999,64.68600500000001,1072000
2016-04-07,65.989998,65.989998,63.77,63.970001,62.497569999999996,1018900
2016-04-08,64.529999,64.760002,63.91,64.059998,62.585499,429400
2016-04-11,64.550003,64.720001,63.290001000000004,63.41,61.950462,577400
2016-04-12,63.439999,63.990002000000004,63.130001,63.41,61.950462,572500
2016-04-13,63.639998999999996,64.33000200000001,63.349998,64.279999,62.800430000000006,746400
2016-04-14,64.220001,64.269997,63.509997999999996,63.700001,62.233791000000004,463400
2016-04-15,63.580002,63.830002,63.32,63.77,62.302184999999994,340100
2016-04-18,63.509997999999996,64.559998,63.5,64.25,62.771133,315900
2016-04-19,64.349998,64.589996,63.75,63.880001,62.409645,457700
2016-04-20,63.990002000000004,64.220001,63.580002,63.91,62.438956999999995,350900
2016-04-21,63.950001,64.379997,63.139998999999996,63.240002000000004,61.784374,359500
2016-04-22,63.330002,64.290001,63.259997999999996,64.239998,62.761353,557300
2016-04-25,64.309998,64.739998,63.93,64.699997,63.21077,534200
2016-04-26,65.0,65.760002,64.879997,65.66999799999999,64.15844,778800
2016-04-27,65.849998,66.910004,65.470001,66.83000200000001,65.291748,994100
2016-04-28,63.950001,66.199997,63.66,65.239998,63.738338,1756700
2016-04-29,65.230003,65.540001,64.57,65.449997,63.943512,958100
2016-05-02,65.489998,67.120003,65.339996,66.5,64.96934499999999,993300
2016-05-03,66.300003,66.440002,65.400002,65.690002,64.178001,822800
2016-05-04,65.370003,65.610001,64.83000200000001,65.459999,63.953285,539000
2016-05-05,65.489998,65.779999,64.900002,65.370003,63.865349,769500
2016-05-06,65.370003,66.050003,64.800003,66.010002,64.490616,372400
2016-05-09,65.980003,66.529999,65.690002,66.16999799999999,64.646935,441700
2016-05-10,66.58000200000001,67.019997,66.269997,66.940002,65.3992,327500
2016-05-11,66.940002,67.239998,65.889999,65.940002,64.422226,283900
2016-05-12,66.290001,66.43,65.550003,66.129997,64.607857,306900
2016-05-13,66.010002,66.940002,65.559998,66.010002,64.490616,542600
2016-05-16,66.08000200000001,66.66999799999999,65.68,66.339996,64.813019,476100
2016-05-17,66.43,67.110001,65.970001,66.83000200000001,65.291748,1042100
2016-05-18,66.730003,67.449997,66.220001,67.18,65.63369,720400
2016-05-19,66.68,67.410004,66.470001,67.209999,65.662994,1227900
2016-05-20,67.690002,68.610001,67.269997,67.360001,65.809547,583100
2016-05-23,67.389999,67.400002,66.839996,67.220001,65.672768,447400
2016-05-24,67.699997,68.449997,67.07,68.120003,66.552063,504500
2016-05-25,68.449997,68.459999,67.440002,67.949997,66.385963,824900
2016-05-26,67.949997,68.33000200000001,67.690002,67.730003,66.171036,329900
2016-05-27,67.760002,68.489998,67.720001,67.989998,66.42504100000001,425500
2016-05-31,68.07,68.349998,67.349998,67.639999,66.083099,563700
2016-06-01,67.480003,68.260002,67.029999,68.190002,66.62044499999999,638100
2016-06-02,68.029999,68.18,67.510002,68.129997,66.561813,575400
2016-06-03,67.860001,68.110001,67.339996,67.889999,66.327347,333500
2016-06-06,68.139999,68.18,67.470001,67.900002,66.33712,447700
2016-06-07,67.93,68.16999799999999,67.41999799999999,67.75,66.190567,596600
2016-06-08,67.690002,69.099998,67.5,69.010002,67.42156999999999,715400
2016-06-09,68.66999799999999,69.099998,68.309998,68.980003,67.39225,441900
2016-06-10,68.959999,69.050003,67.589996,67.910004,66.346886,589100
2016-06-13,67.519997,68.160004,67.230003,67.489998,66.053268,664700
2016-06-14,67.440002,67.690002,66.900002,67.629997,66.190292,557100
2016-06-15,68.0,68.41999799999999,67.860001,68.160004,66.709007,701500
2016-06-16,67.699997,68.360001,67.440002,68.199997,66.748154,703900
2016-06-17,68.339996,68.519997,67.660004,67.690002,66.249031,511300
2016-06-20,68.16999799999999,69.139999,68.16999799999999,68.949997,67.482185,351200
2016-06-21,68.940002,69.25,68.550003,69.019997,67.550697,587500
2016-06-22,68.900002,69.690002,68.82,68.839996,67.37451899999999,484800
2016-06-23,69.25,69.440002,68.910004,69.25,67.77580999999999,419700
2016-06-24,66.860001,67.93,65.660004,65.720001,64.320953,1093700
2016-06-27,65.059998,65.209999,63.450001,64.019997,62.657139,1188000
2016-06-28,64.43,66.510002,64.199997,66.410004,64.996269,857600
2016-06-29,66.839996,68.449997,66.769997,68.010002,66.562202,961500
2016-06-30,68.07,69.459999,68.050003,69.43,67.951973,578300
2016-07-01,69.300003,69.57,68.279999,68.800003,67.335403,775000
2016-07-05,68.360001,68.540001,67.519997,68.010002,66.562202,455800
2016-07-06,67.93,68.620003,67.459999,68.260002,66.806885,980800
2016-07-07,68.489998,68.989998,68.07,68.639999,67.178795,333100
2016-07-08,69.139999,69.949997,69.019997,69.739998,68.255363,386400
2016-07-11,70.0,70.629997,69.839996,69.93,68.44133000000001,501800
2016-07-12,70.230003,70.769997,70.099998,70.529999,69.02855699999999,427700
2016-07-13,71.010002,71.010002,70.209999,70.440002,68.940483,331600
2016-07-14,71.07,71.41999799999999,70.849998,71.010002,69.498337,462500
2016-07-15,71.209999,71.559998,70.879997,71.349998,69.831108,363000
2016-07-18,71.349998,71.5,70.75,70.940002,69.42984,291400
2016-07-19,70.839996,71.91999799999999,70.75,71.839996,70.31066899999999,802400
2016-07-20,71.91999799999999,72.199997,71.470001,71.93,70.39874300000001,317900
2016-07-21,71.93,71.949997,71.379997,71.559998,70.036613,255000
2016-07-22,71.470001,72.440002,71.230003,72.339996,70.800026,471000
2016-07-25,71.690002,71.980003,71.459999,71.870003,70.340019,389800
2016-07-26,71.949997,72.660004,71.879997,72.459999,70.917465,579300
2016-07-27,72.550003,72.589996,71.459999,71.879997,70.349815,758600
2016-07-28,72.75,73.41999799999999,72.150002,72.779999,71.230659,841100
2016-07-29,72.82,73.489998,72.190002,72.389999,70.848946,961500
2016-08-01,71.739998,72.629997,71.610001,72.400002,70.858749,632700
2016-08-02,70.989998,72.07,70.75,71.690002,70.163872,618300
2016-08-03,71.699997,71.699997,70.760002,71.050003,69.537491,720700
2016-08-04,71.230003,71.790001,70.91999799999999,71.0,69.488541,658500
2016-08-05,71.559998,71.650002,71.190002,71.410004,69.889832,650800
2016-08-08,71.360001,71.559998,70.66999799999999,70.980003,69.468987,672500
2016-08-09,71.110001,71.309998,70.739998,71.309998,69.791946,716100
2016-08-10,71.5,71.5,70.910004,71.349998,69.831108,485200
2016-08-11,71.489998,72.07,71.410004,71.809998,70.28130300000001,488700
2016-08-12,71.809998,72.540001,71.68,72.349998,70.809822,598100
2016-08-15,72.629997,73.220001,72.400002,72.82,71.269806,602800
2016-08-16,72.58000200000001,73.110001,72.160004,72.230003,70.69236,402000
2016-08-17,72.230003,72.300003,71.290001,71.660004,70.134506,597800
2016-08-18,71.58000200000001,72.099998,71.389999,71.889999,70.359612,283400
2016-08-19,71.620003,71.66999799999999,71.089996,71.279999,69.762589,546800
2016-08-22,71.220001,72.059998,71.08000200000001,71.910004,70.379189,624900
2016-08-23,72.08000200000001,72.610001,72.08000200000001,72.18,70.643433,390100
2016-08-24,72.010002,72.25,71.660004,71.800003,70.271523,483800
2016-08-25,71.690002,72.190002,71.489998,72.089996,70.555336,309800
2016-08-26,72.25,72.489998,71.18,71.58000200000001,70.056206,308500
2016-08-29,71.690002,72.16999799999999,71.43,72.099998,70.565147,352700
2016-08-30,71.93,72.129997,71.07,71.260002,69.743011,450500
2016-08-31,71.08000200000001,71.489998,70.690002,71.220001,69.70386500000001,573900
2016-09-01,71.32,71.879997,70.720001,71.839996,70.31066899999999,534400
2016-09-02,72.050003,72.550003,71.91999799999999,72.389999,70.848946,420400
2016-09-06,72.360001,72.75,71.68,72.07,70.535774,329300
2016-09-07,71.900002,71.940002,70.599998,70.889999,69.380898,757300
2016-09-08,70.68,70.910004,69.720001,69.879997,68.392387,515800
2016-09-09,69.360001,69.639999,66.83000200000001,66.83000200000001,65.407333,951400
2016-09-12,66.730003,67.639999,66.709999,67.379997,65.94561,1185200
2016-09-13,66.57,67.040001,66.190002,66.58000200000001,65.278915,620800
2016-09-14,66.650002,66.980003,65.83000200000001,66.089996,64.798477,749300
2016-09-15,66.050003,67.129997,65.989998,66.849998,65.543625,1714800
2016-09-16,66.43,66.519997,66.099998,66.25,64.95536,989800
2016-09-19,66.25,67.730003,66.099998,67.370003,66.053467,1088100
2016-09-20,67.739998,67.849998,67.059998,67.360001,66.043648,494300
2016-09-21,67.709999,68.029999,66.769997,67.879997,66.553497,508900
2016-09-22,68.559998,69.379997,68.559998,69.050003,67.700638,725900
2016-09-23,69.050003,69.050003,68.41999799999999,68.66999799999999,67.328056,340600
2016-09-26,68.41999799999999,68.610001,67.739998,68.25,66.916267,204100
2016-09-27,68.190002,68.959999,68.139999,68.940002,67.592773,279700
2016-09-28,69.050003,69.41999799999999,68.489998,69.410004,68.053596,366000
2016-09-29,69.190002,69.470001,67.769997,68.260002,66.926071,671200
2016-09-30,68.440002,69.400002,67.970001,68.910004,67.56336999999999,1014700
2016-10-03,68.660004,69.099998,68.160004,68.16999799999999,66.837822,646800
2016-10-04,68.209999,68.449997,67.199997,67.379997,66.063255,601700
2016-10-05,67.769997,67.860001,66.849998,67.550003,66.22995,854600
2016-10-06,67.599998,68.110001,67.230003,67.949997,66.622124,488900
2016-10-07,68.160004,68.160004,66.620003,66.879997,65.573051,642000
2016-10-10,67.110001,67.639999,66.980003,67.279999,65.96521800000001,591400
2016-10-11,67.0,67.230003,65.620003,66.230003,64.935753,686100
2016-10-12,66.279999,67.260002,66.129997,67.029999,65.7201,510100
2016-10-13,66.43,66.75,65.849998,66.540001,65.239677,296100
2016-10-14,67.019997,68.239998,66.93,67.690002,66.36721800000001,839700
2016-10-17,68.33000200000001,69.5,68.08000200000001,68.339996,67.004501,690500
2016-10-18,68.989998,68.989998,67.809998,67.900002,66.57311999999999,632600
2016-10-19,67.93,68.0,67.16999799999999,67.199997,65.88678,613900
2016-10-20,67.190002,67.620003,66.470001,67.279999,65.96521800000001,551600
2016-10-21,66.660004,67.260002,65.83000200000001,67.18,65.867172,759300
2016-10-24,67.690002,68.190002,67.529999,67.760002,66.435837,619000
2016-10-25,67.559998,67.559998,65.43,65.519997,64.239616,822000
2016-10-26,65.43,65.739998,65.089996,65.589996,64.30825,1537000
2016-10-27,64.160004,64.510002,61.470001,62.84,61.611988000000004,2817500
2016-10-28,62.650002,64.75,62.650002,63.59,62.347331999999994,1198500
2016-10-31,63.560001,64.290001,63.560001,63.84,62.592449,1601000
2016-11-01,63.91,64.5,62.919998,63.459998999999996,62.219868000000005,2094600
2016-11-02,63.32,63.810001,62.970001,63.349998,62.112021999999996,1169800
2016-11-03,63.400002,63.880001,63.07,63.290001000000004,62.053196,835200
2016-11-04,63.48,64.690002,63.310001,63.639998999999996,62.39635500000001,1692900
2016-11-07,64.760002,65.480003,64.529999,65.41999799999999,64.141571,713500
2016-11-08,65.309998,65.970001,64.900002,65.709999,64.425903,429900
2016-11-09,64.32,67.260002,64.309998,66.75,65.44558,1052600
2016-11-10,67.279999,69.949997,67.07,69.110001,67.75946,1358700
2016-11-11,68.949997,69.900002,68.949997,69.309998,67.955551,1187900
2016-11-14,69.379997,69.440002,68.389999,68.589996,67.249626,1245600
2016-11-15,68.599998,68.940002,68.110001,68.769997,67.42609399999999,887500
2016-11-16,68.790001,68.790001,67.519997,67.57,66.249565,575400
2016-11-17,67.660004,68.610001,67.629997,68.279999,66.94567099999999,600200
2016-11-18,68.040001,68.599998,67.08000200000001,67.32,66.004456,637200
2016-11-21,67.68,68.32,67.040001,67.93,66.602524,595800
2016-11-22,67.93,68.199997,67.540001,68.0,66.67115,545500
2016-11-23,67.93,68.309998,67.209999,67.699997,66.377014,648100
2016-11-25,67.989998,68.010002,67.18,67.910004,66.582916,220900
2016-11-28,67.57,67.800003,67.199997,67.400002,66.08287800000001,547800
2016-11-29,67.550003,67.839996,67.16999799999999,67.480003,66.161316,403100
2016-11-30,67.66999799999999,67.93,66.510002,66.910004,65.60247,733100
2016-12-01,66.970001,67.32,65.25,65.459999,64.18079399999999,1391300
2016-12-02,65.43,65.68,64.790001,64.870003,63.602318000000004,621300
2016-12-05,65.190002,65.239998,64.459999,64.610001,63.347396999999994,789200
2016-12-06,64.690002,65.110001,64.33000200000001,65.0,63.729774,854600
2016-12-07,65.129997,65.949997,64.83000200000001,65.779999,64.49453000000001,1093800
2016-12-08,65.629997,66.059998,65.300003,65.379997,64.102333,722300
2016-12-09,65.470001,65.790001,65.16999799999999,65.68,64.39649200000001,411300
2016-12-12,65.68,65.790001,64.57,65.120003,63.84743100000001,658600
2016-12-13,65.139999,65.91999799999999,65.029999,65.650002,64.485901,776100
2016-12-14,65.66999799999999,66.18,65.349998,65.440002,64.27963299999999,770100
2016-12-15,65.470001,65.849998,64.779999,64.900002,63.749207,774200
2016-12-16,65.110001,65.43,64.110001,64.220001,63.081264000000004,1193800
2016-12-19,64.480003,65.620003,64.300003,64.910004,63.759037,512300
2016-12-20,65.059998,65.360001,64.940002,65.33000200000001,64.171577,467800
2016-12-21,65.410004,65.709999,64.959999,65.550003,64.387688,559200
2016-12-22,65.449997,65.790001,65.099998,65.25,64.093002,551100
2016-12-23,65.349998,65.650002,65.220001,65.389999,64.230499,266100
2016-12-27,65.449997,65.650002,65.160004,65.540001,64.377853,173600
2016-12-28,65.559998,65.910004,64.760002,64.800003,63.650978,361600
2016-12-29,64.870003,65.160004,64.43,64.769997,63.62151,332200
2016-12-30,65.040001,65.199997,63.709998999999996,64.0,62.865162,501800
2017-01-03,64.639999,65.110001,63.91,64.699997,63.552738,689800
2017-01-04,64.68,66.220001,64.68,65.93,64.760941,958800
2017-01-05,65.58000200000001,66.360001,65.33000200000001,66.290001,65.11455500000001,808900
2017-01-06,66.389999,66.650002,65.800003,65.889999,64.721649,1238300
2017-01-09,65.639999,65.889999,65.199997,65.41999799999999,64.25997199999999,850600
2017-01-10,65.110001,65.269997,63.810001,64.5,63.356304,1806100
2017-01-11,64.760002,65.730003,64.389999,65.699997,64.535011,893200
2017-01-12,65.33000200000001,66.209999,65.129997,66.120003,64.947571,737700
2017-01-13,66.209999,66.760002,65.480003,65.5,64.33856999999999,509000
2017-01-17,65.129997,66.099998,64.93,65.870003,64.702011,653400
2017-01-18,65.940002,66.639999,65.82,66.480003,65.30119300000001,601500
2017-01-19,66.639999,67.32,66.449997,66.58000200000001,65.399406,720000
2017-01-20,66.540001,66.540001,64.620003,65.160004,64.004601,1013000
2017-01-23,64.83000200000001,65.779999,64.75,65.07,63.916171999999996,829500
2017-01-24,65.309998,66.870003,65.309998,66.41999799999999,65.242249,759600
2017-01-25,67.0,68.540001,66.059998,66.599998,65.41905200000001,836000
2017-01-26,66.599998,66.949997,65.650002,65.949997,64.780579,808400
2017-01-27,66.160004,66.610001,65.970001,66.519997,65.340469,450700
2017-01-30,66.019997,66.059998,64.82,65.839996,64.672539,709300
2017-01-31,65.68,65.739998,64.739998,65.66999799999999,64.50554699999999,594400
2017-02-01,65.940002,67.099998,65.370003,65.940002,64.77076,685400
2017-02-02,65.589996,65.75,65.059998,65.620003,64.45644399999999,992100
2017-02-03,66.620003,67.389999,66.199997,67.33000200000001,66.136116,950400
2017-02-06,67.120003,67.339996,66.550003,67.339996,66.14595,626600
2017-02-07,67.389999,67.75,66.809998,67.019997,65.83161199999999,872400
2017-02-08,67.019997,67.800003,66.720001,67.599998,66.401321,922700
2017-02-09,67.690002,72.0,67.019997,71.730003,70.458099,2487100
2017-02-10,71.800003,72.360001,71.5,71.91999799999999,70.644722,1099200
2017-02-13,72.199997,72.480003,71.190002,71.449997,70.183052,562100
2017-02-14,71.349998,71.540001,70.849998,71.08000200000001,69.819626,695500
2017-02-15,70.839996,71.989998,70.839996,71.83000200000001,70.55632,1138200
2017-02-16,71.900002,73.110001,71.900002,72.93,71.636803,1067300
2017-02-17,72.839996,73.68,72.480003,73.269997,71.970787,865000
2017-02-21,73.199997,74.66999799999999,73.18,74.510002,73.188797,1120400
2017-02-22,74.32,75.0,73.910004,74.059998,72.746773,631200
2017-02-23,74.440002,74.5,73.57,73.949997,72.638725,541700
2017-02-24,73.550003,73.970001,73.269997,73.949997,72.638725,505200
2017-02-27,73.910004,74.209999,73.529999,73.599998,72.294937,568200
2017-02-28,73.760002,73.93,72.550003,72.589996,71.302841,769200
2017-03-01,73.66999799999999,74.309998,73.269997,73.690002,72.383354,567800
2017-03-02,73.849998,74.290001,73.190002,73.959999,72.648552,557200
2017-03-03,74.050003,74.370003,73.349998,73.82,72.511032,962000
2017-03-06,73.0,73.629997,72.800003,73.209999,71.91185,1106600
2017-03-07,73.230003,73.400002,72.620003,72.860001,71.568062,675100
2017-03-08,73.040001,73.480003,72.449997,73.110001,71.813629,1073900
2017-03-09,73.309998,73.970001,73.120003,73.459999,72.15741700000001,676300
2017-03-10,73.91999799999999,74.58000200000001,73.870003,74.470001,73.149513,692300
2017-03-13,74.120003,74.83000200000001,73.769997,74.760002,73.592484,668400
2017-03-14,74.269997,74.779999,74.0,74.370003,73.20858,506600
2017-03-15,74.639999,75.290001,73.980003,74.91999799999999,73.749992,521200
2017-03-16,74.980003,75.389999,74.709999,75.150002,73.97640200000001,459300
2017-03-17,75.050003,75.620003,74.82,75.480003,74.301239,829500
2017-03-20,75.480003,75.68,75.010002,75.230003,74.055145,530400
2017-03-21,75.519997,75.660004,74.190002,74.269997,73.11013,709400
2017-03-22,74.279999,74.860001,74.050003,74.769997,73.602325,472300
2017-03-23,74.68,75.360001,74.290001,74.860001,73.690926,410300
2017-03-24,75.010002,75.629997,74.650002,75.050003,73.87796,422700
2017-03-27,74.059998,75.279999,74.0,74.889999,73.72045899999999,696300
2017-03-28,74.650002,75.410004,74.650002,75.120003,73.946861,271200
2017-03-29,74.889999,75.410004,74.709999,75.410004,74.232338,394400
2017-03-30,75.32,75.91999799999999,75.260002,75.860001,74.675308,450900
2017-03-31,75.699997,76.290001,75.470001,75.699997,74.517792,592300
2017-04-03,75.879997,76.5,75.309998,75.720001,74.537483,654800
2017-04-04,75.540001,75.739998,74.83000200000001,74.900002,73.730293,513200
2017-04-05,75.0,75.440002,73.93,74.129997,72.972328,1267500
2017-04-06,74.41999799999999,75.300003,74.110001,74.699997,73.533417,556400
2017-04-07,74.610001,75.139999,74.58000200000001,74.690002,73.523575,384400
2017-04-10,74.639999,75.220001,74.529999,74.620003,73.454674,451000
2017-04-11,74.720001,75.349998,74.480003,75.290001,74.114212,760800
2017-04-12,75.269997,75.449997,74.400002,75.239998,74.064972,824400
2017-04-13,75.139999,75.550003,74.83000200000001,75.110001,73.93701899999999,925500
2017-04-17,75.279999,76.230003,75.190002,76.230003,75.039528,414300
2017-04-18,75.980003,76.139999,75.610001,75.940002,74.754059,418400
2017-04-19,76.279999,77.339996,76.279999,76.83000200000001,75.63015,666100
2017-04-20,77.120003,78.050003,76.879997,77.720001,76.506248,417100
2017-04-21,77.690002,78.220001,77.589996,77.910004,76.693291,750500
2017-04-24,78.870003,79.190002,77.739998,78.239998,77.01814300000001,711800
2017-04-25,78.650002,79.089996,78.32,78.75,77.520172,400100
2017-04-26,78.849998,79.970001,78.110001,79.720001,78.475021,1521200
2017-04-27,82.0,82.0,79.800003,80.620003,79.360962,1601800
2017-04-28,80.059998,80.339996,78.410004,78.639999,77.411888,1349300
2017-05-01,78.699997,78.699997,77.620003,77.699997,76.48655699999999,716500
2017-05-02,77.980003,78.230003,77.300003,77.620003,76.407822,698100
2017-05-03,77.239998,77.620003,76.68,77.279999,76.073128,828800
2017-05-04,77.589996,77.91999799999999,76.980003,77.349998,76.14202900000001,919700
2017-05-05,77.559998,77.940002,77.0,77.5,76.289688,809500
2017-05-08,77.279999,77.57,76.400002,76.800003,75.600624,573300
2017-05-09,77.110001,77.199997,76.75,76.980003,75.77780899999999,438000
2017-05-10,76.760002,76.940002,75.849998,76.83000200000001,75.63015,613200
2017-05-11,76.449997,77.309998,75.940002,77.290001,76.08296999999999,900000
2017-05-12,77.160004,77.309998,76.639999,76.730003,75.531715,415800
2017-05-15,76.699997,77.57,76.699997,77.239998,76.033745,582400
2017-05-16,77.599998,78.699997,77.58000200000001,78.480003,77.254387,1238600
2017-05-17,78.480003,78.480003,76.860001,77.010002,75.807343,1009000
2017-05-18,76.83000200000001,77.760002,76.260002,77.32,76.112503,656400
2017-05-19,77.83000200000001,79.449997,77.459999,79.059998,77.825333,1065000
2017-05-22,79.199997,79.989998,79.199997,79.459999,78.219078,798800
2017-05-23,79.5,79.709999,78.760002,78.900002,77.667839,823800
2017-05-24,79.0,79.239998,78.650002,79.050003,77.815483,702000
2017-05-25,79.290001,79.690002,79.050003,79.459999,78.219078,645500
2017-05-26,79.360001,79.68,79.110001,79.379997,78.140327,655700
2017-05-30,79.349998,79.349998,78.25,78.459999,77.234688,855300
2017-05-31,78.620003,79.16999799999999,77.760002,78.629997,77.402046,3922200
2017-06-01,79.019997,79.550003,78.800003,79.139999,77.904083,907200
2017-06-02,79.050003,80.16999799999999,78.870003,80.059998,78.80972299999999,703700
2017-06-05,80.0,80.370003,79.639999,80.0,78.750656,498600
2017-06-06,79.760002,80.400002,78.470001,78.540001,77.313446,510900
2017-06-07,78.610001,79.040001,78.120003,78.33000200000001,77.106735,511500
2017-06-08,78.33000200000001,78.57,77.370003,77.650002,76.43735500000001,723100
2017-06-09,77.83000200000001,78.220001,76.900002,77.230003,76.02391800000001,756900
2017-06-12,77.360001,78.489998,76.470001,78.449997,77.224846,1033300
2017-06-13,78.190002,79.400002,77.809998,79.279999,78.201385,611400
2017-06-14,79.690002,80.120003,79.43,79.75,78.66499300000001,563100
2017-06-15,79.32,80.83000200000001,79.040001,80.75,79.651375,600700
2017-06-16,81.019997,81.93,80.760002,81.58000200000001,80.470093,822400
2017-06-19,82.040001,82.379997,81.660004,82.16999799999999,81.052063,403100
2017-06-20,81.68,82.769997,81.5,81.910004,80.795609,520500
2017-06-21,82.099998,82.099998,81.339996,81.510002,80.40104699999999,437800
2017-06-22,81.489998,81.900002,81.16999799999999,81.190002,80.085403,298800
2017-06-23,81.209999,82.18,80.989998,81.449997,80.341858,590600
2017-06-26,81.66999799999999,81.959999,81.269997,81.410004,80.302406,236800
2017-06-27,81.25,81.620003,80.489998,80.589996,79.49356800000001,456000
2017-06-28,81.120003,81.83000200000001,80.879997,81.239998,80.13472,264600
2017-06-29,81.260002,81.260002,78.910004,79.82,78.734032,542700
2017-06-30,80.089996,81.5,80.089996,81.120003,80.01634200000001,457200
2017-07-03,81.57,81.83000200000001,81.349998,81.370003,80.262947,217200
2017-07-05,81.550003,82.900002,81.360001,82.139999,81.02248399999999,416600
2017-07-06,81.91999799999999,81.91999799999999,80.5,80.660004,79.562614,424000
2017-07-07,80.849998,81.639999,80.220001,81.220001,80.114998,414000
2017-07-10,81.349998,81.849998,81.089996,81.529999,80.42076899999999,472600
2017-07-11,81.379997,81.839996,81.029999,81.470001,80.361595,354500
2017-07-12,82.040001,82.529999,81.589996,81.989998,80.874504,374700
2017-07-13,81.980003,82.690002,80.610001,80.790001,79.690842,541500
2017-07-14,80.809998,81.290001,80.449997,80.769997,79.671112,438700
2017-07-17,80.779999,80.849998,80.459999,80.83000200000001,79.730301,295800
2017-07-18,80.599998,80.889999,80.150002,80.599998,79.50341800000001,374300
2017-07-19,80.709999,81.0,80.5,80.699997,79.602058,303000
2017-07-20,80.870003,81.139999,80.120003,81.089996,79.986763,528900
2017-07-21,80.809998,81.279999,80.120003,80.410004,79.316017,401400
2017-07-24,80.339996,80.690002,79.690002,80.309998,79.21736899999999,286000
2017-07-25,80.82,81.07,78.75,79.099998,78.023842,681700
2017-07-26,79.029999,79.400002,78.480003,78.489998,77.42214200000001,853400
2017-07-27,78.989998,81.260002,77.620003,81.199997,80.095253,1371800
2017-07-28,81.309998,82.0,80.230003,81.400002,80.292549,736100
2017-07-31,81.559998,81.889999,80.739998,81.239998,80.13472,615800
2017-08-01,81.629997,82.620003,80.940002,81.470001,80.361595,878500
2017-08-02,81.18,81.379997,79.860001,80.849998,79.750023,521700
2017-08-03,80.989998,81.110001,80.139999,80.760002,79.661247,372200
2017-08-04,80.860001,81.32,80.459999,81.32,80.213631,343900
2017-08-07,81.33000200000001,82.059998,80.82,81.989998,80.874504,321400
2017-08-08,81.910004,82.25,81.309998,81.370003,80.262947,468600
2017-08-09,81.309998,81.519997,80.459999,80.589996,79.49356800000001,354000
2017-08-10,80.190002,80.480003,78.860001,78.91999799999999,77.846283,459900
2017-08-11,78.93,79.769997,78.629997,79.279999,78.201385,354100
2017-08-14,79.839996,80.029999,79.08000200000001,79.470001,78.388802,420400
2017-08-15,79.5,79.5,78.739998,78.949997,77.875877,271400
2017-08-16,79.040001,79.629997,78.889999,79.290001,78.21125,404100
2017-08-17,79.18,79.959999,78.760002,78.83000200000001,77.75750699999999,500500
2017-08-18,78.58000200000001,78.870003,78.059998,78.16999799999999,77.106483,327900
2017-08-21,78.199997,78.32,77.41999799999999,77.480003,76.42588,384900
2017-08-22,77.68,78.32,77.279999,78.08000200000001,77.017715,507600
2017-08-23,77.809998,77.849998,76.790001,77.089996,76.04117600000001,611600
2017-08-24,77.239998,77.540001,76.82,77.150002,76.100372,360200
2017-08-25,77.58000200000001,77.809998,77.43,77.620003,76.56397199999999,376800
2017-08-28,77.970001,78.25,77.82,78.050003,76.988129,425100
2017-08-29,77.720001,78.339996,77.699997,77.769997,76.711922,271900
2017-08-30,77.739998,78.339996,77.449997,78.300003,77.234711,292300
2017-08-31,78.709999,79.0,78.449997,78.709999,77.639145,487600
2017-09-01,79.029999,79.400002,78.849998,79.150002,78.07315799999999,517800
2017-09-05,79.160004,80.0,79.160004,79.400002,78.319763,639400
2017-09-06,79.860001,80.529999,79.58000200000001,80.260002,79.168053,604900
2017-09-07,80.379997,80.629997,79.699997,80.220001,79.12861600000001,395900
2017-09-08,80.209999,81.400002,79.900002,80.809998,79.710571,512300
2017-09-11,81.230003,81.639999,80.480003,81.07,79.967033,759300
2017-09-12,81.33000200000001,81.620003,80.949997,81.0,79.89798,660500
2017-09-13,81.089996,81.870003,80.43,81.809998,80.69696,589500
2017-09-14,81.660004,82.650002,81.41999799999999,82.620003,81.495941,784200
2017-09-15,82.629997,82.970001,82.120003,82.769997,81.80231500000001,978400
2017-09-18,82.980003,83.120003,82.190002,82.650002,81.683716,508100
2017-09-19,82.760002,83.139999,82.059998,82.849998,81.881378,677100
2017-09-20,83.010002,84.040001,82.57,83.57,82.592972,1023200
2017-09-21,83.25,83.82,83.25,83.470001,82.494125,465000
2017-09-22,83.620003,84.639999,83.339996,84.550003,83.561516,890500
2017-09-25,84.410004,84.800003,84.290001,84.5,83.51209300000001,437300
2017-09-26,84.75,85.620003,84.5,85.349998,84.35215,518900
2017-09-27,85.610001,86.449997,85.290001,85.33000200000001,84.33239,751400
2017-09-28,85.290001,85.82,84.82,85.760002,84.757355,585300
2017-09-29,85.68,86.889999,85.68,86.470001,85.459068,493100
2017-10-02,86.559998,86.949997,86.279999,86.529999,85.51835600000001,518600
2017-10-03,86.660004,87.690002,86.480003,87.470001,86.447372,529300
2017-10-04,87.41999799999999,87.760002,86.550003,86.730003,85.71601899999999,828500
2017-10-05,86.83000200000001,87.25,86.029999,87.07,86.05204,694000
2017-10-06,87.040001,87.33000200000001,86.599998,87.190002,86.170647,716800
2017-10-09,87.370003,87.690002,86.650002,87.620003,86.595619,297900
2017-10-10,87.82,87.980003,87.190002,87.809998,86.783401,415900
2017-10-11,88.110001,88.32,87.599998,88.150002,87.119423,743800
2017-10-12,87.879997,89.75,87.620003,89.559998,88.512924,913500
2017-10-13,89.809998,89.809998,88.190002,88.300003,87.267662,380500
2017-10-16,88.519997,88.949997,88.010002,88.139999,87.109528,349700
2017-10-17,88.110001,88.349998,86.82,87.0,85.982864,768100
2017-10-18,87.25,87.93,87.25,87.599998,86.575859,569100
2017-10-19,87.459999,87.82,87.230003,87.739998,86.71421099999999,422800
2017-10-20,87.5,88.290001,87.410004,88.019997,86.990936,546200
2017-10-23,87.989998,88.160004,87.220001,87.309998,86.28924599999999,379500
2017-10-24,87.599998,88.75,87.559998,88.480003,87.445564,619200
2017-10-25,88.18,88.459999,85.550003,86.489998,85.47882800000001,894300
2017-10-26,80.720001,82.239998,79.260002,80.699997,79.756516,3297200
2017-10-27,80.129997,81.040001,78.629997,80.290001,79.351318,1919700
2017-10-30,81.019997,82.849998,80.720001,81.970001,81.011673,1281300
2017-10-31,82.699997,83.550003,82.230003,83.389999,82.41507,1406900
2017-11-01,83.58000200000001,84.110001,82.290001,82.730003,81.762787,700600
2017-11-02,82.879997,82.989998,81.699997,82.230003,81.26863900000001,852600
2017-11-03,82.58000200000001,82.589996,81.599998,82.019997,81.061081,896100
2017-11-06,82.019997,83.470001,81.82,83.089996,82.118576,718300
2017-11-07,83.269997,84.629997,82.66999799999999,83.529999,82.55342900000001,851300
2017-11-08,83.440002,83.510002,81.959999,83.43,82.454605,388700
2017-11-09,83.059998,83.349998,81.459999,82.08000200000001,81.120384,429500
2017-11-10,81.57,83.269997,81.220001,83.129997,82.15810400000001,565200
2017-11-13,82.93,84.290001,82.720001,83.940002,82.958641,847000
2017-11-14,83.639999,84.0,82.720001,82.900002,81.930801,842400
2017-11-15,82.620003,82.660004,81.650002,82.029999,81.07096899999999,473100
2017-11-16,82.25,83.059998,81.949997,82.410004,81.446533,334700
2017-11-17,82.519997,82.889999,82.019997,82.650002,81.683716,517700
2017-11-20,82.599998,83.660004,82.599998,83.239998,82.26681500000001,338100
2017-11-21,83.599998,83.800003,82.870003,83.400002,82.42495699999999,456300
2017-11-22,83.32,83.800003,82.769997,83.160004,82.18776700000001,402800
2017-11-24,83.160004,83.57,82.889999,82.91999799999999,81.950554,196500
2017-11-27,83.110001,84.160004,82.589996,83.099998,82.128456,720600
2017-11-28,83.209999,84.019997,82.82,83.33000200000001,82.355774,651800
2017-11-29,83.540001,83.779999,82.470001,82.940002,81.970329,745900
2017-11-30,83.010002,84.230003,82.550003,84.139999,83.15630300000001,970400
2017-12-01,84.230003,84.83000200000001,82.480003,84.58000200000001,83.59115600000001,862700
2017-12-04,85.389999,85.760002,83.379997,83.43,82.454605,766300
2017-12-05,83.290001,83.709999,82.0,82.0,81.041321,542200
2017-12-06,82.0,82.389999,81.389999,81.790001,80.833786,533200
2017-12-07,82.07,83.160004,82.010002,83.110001,82.138351,643500
2017-12-08,83.779999,83.779999,82.300003,82.459999,81.495941,562200
2017-12-11,82.150002,82.41999799999999,81.440002,82.16999799999999,81.209328,732300
2017-12-12,82.199997,82.410004,81.68,82.150002,81.18956,427000
2017-12-13,82.519997,83.209999,81.849998,82.639999,81.673843,732400
2017-12-14,82.68,83.150002,81.589996,81.68,80.72506700000001,586000
2017-12-15,82.150002,82.75,81.790001,82.279999,81.477646,1256800
2017-12-18,82.879997,83.440002,82.43,82.559998,81.754906,856000
2017-12-19,82.470001,82.470001,80.040001,80.07,79.289192,1188200
2017-12-20,80.389999,81.459999,80.040001,81.0,80.21012900000001,981300
2017-12-21,81.470001,81.75,80.910004,81.0,80.21012900000001,613800
2017-12-22,81.099998,82.059998,80.25,80.339996,79.556564,347900
2017-12-26,80.290001,80.769997,80.010002,80.389999,79.60607900000001,251400
2017-12-27,80.660004,80.769997,79.989998,80.0,79.219879,479300
2017-12-28,80.25,80.709999,78.66999799999999,79.559998,78.784172,1124100
2017-12-29,80.0,80.290001,78.82,79.559998,78.784172,662900
2018-01-02,80.07,80.07,79.190002,79.910004,79.130768,645400
2018-01-03,80.220001,80.910004,79.660004,80.25,79.467445,1117400
2018-01-04,80.620003,81.489998,80.349998,81.370003,80.576523,1211700
2018-01-05,81.779999,82.449997,81.099998,81.57,80.774567,851100
2018-01-08,81.349998,81.699997,80.91999799999999,81.239998,80.447784,539100
2018-01-09,81.550003,83.900002,81.160004,82.93,82.121307,925500
2018-01-10,82.760002,83.349998,82.129997,82.599998,81.794533,851500
2018-01-11,82.599998,84.550003,82.599998,84.379997,83.557167,987900
2018-01-12,84.32,85.269997,83.760002,85.040001,84.210732,904200
2018-01-16,85.309998,86.0,83.639999,84.07,83.250198,652800
2018-01-17,84.639999,84.639999,83.550003,84.209999,83.388824,740900
2018-01-18,84.300003,84.730003,83.75,84.050003,83.2304,554500
2018-01-19,84.389999,86.279999,83.980003,86.230003,85.38913000000001,890200
2018-01-22,85.860001,86.089996,84.559998,85.800003,84.963326,477500
2018-01-23,85.660004,85.660004,84.709999,85.349998,84.5177,675700
2018-01-24,85.720001,86.58000200000001,84.91999799999999,85.58000200000001,84.745476,487000
2018-01-25,86.050003,86.300003,85.0,85.349998,84.5177,345400
2018-01-26,85.849998,86.410004,85.349998,86.370003,85.52776300000001,594900
2018-01-29,86.300003,87.07,86.160004,86.68,85.834747,590700
2018-01-30,86.18,86.639999,85.440002,85.440002,84.606842,527300
2018-01-31,85.629997,86.82,85.510002,86.110001,85.270302,902500
2018-02-01,85.839996,86.989998,84.790001,85.16999799999999,84.339462,528500
2018-02-02,84.470001,84.599998,81.41999799999999,81.849998,81.051834,895700
2018-02-05,81.489998,82.349998,79.010002,79.110001,78.338562,962300
2018-02-06,77.650002,80.93,76.760002,80.110001,79.328819,1131400
2018-02-07,79.739998,81.199997,79.739998,79.959999,79.180275,578300
2018-02-08,79.91999799999999,80.239998,77.239998,77.32,76.566017,894000
2018-02-09,78.209999,79.019997,76.150002,78.489998,77.724602,1267400
2018-02-12,79.150002,80.400002,78.980003,79.75,78.972328,1009900
2018-02-13,79.470001,80.400002,78.940002,79.650002,78.87329100000001,623100
2018-02-14,78.93,80.5,78.75,79.970001,79.190178,1074400
2018-02-15,80.800003,82.57,80.519997,82.260002,81.457848,685500
2018-02-16,82.190002,83.540001,81.849998,82.720001,81.913361,692100
2018-02-20,86.209999,88.410004,85.300003,85.660004,84.82468399999999,1657000
2018-02-21,86.129997,87.940002,85.440002,86.720001,85.874352,1168800
2018-02-22,87.269997,88.290001,85.57,86.040001,85.200989,1061900
2018-02-23,86.5,87.089996,85.83000200000001,86.16999799999999,85.32972,798600
2018-02-26,86.550003,88.0,85.970001,87.849998,86.993332,1002800
2018-02-27,87.610001,87.849998,86.690002,86.970001,86.12191800000001,1218600
2018-02-28,87.029999,87.050003,84.099998,84.110001,83.289803,1142500
2018-03-01,84.150002,84.91999799999999,81.860001,82.07,81.26969100000001,957000
2018-03-02,81.599998,82.43,80.589996,82.230003,81.428139,630100
2018-03-05,81.620003,83.309998,81.41999799999999,83.010002,82.20053100000001,559700
2018-03-06,83.089996,84.370003,82.709999,83.91999799999999,83.101662,706800
2018-03-07,83.269997,84.150002,83.139999,83.93,83.11155699999999,450500
2018-03-08,84.43,85.160004,84.160004,84.760002,83.933472,542100
2018-03-09,85.25,87.300003,85.25,87.209999,86.359573,705500
2018-03-12,87.519997,87.779999,87.050003,87.400002,86.547722,621800
2018-03-13,87.699997,87.989998,85.279999,86.089996,85.250496,644500
2018-03-14,86.410004,86.410004,85.239998,85.360001,84.734306,294300
2018-03-15,85.529999,85.83000200000001,84.790001,85.480003,84.853439,313900
2018-03-16,85.370003,86.269997,85.260002,85.879997,85.250496,676600
2018-03-19,85.839996,85.970001,84.480003,85.25,84.625114,409100
2018-03-20,85.32,86.269997,84.940002,85.629997,85.002335,373700
2018-03-21,85.769997,86.690002,85.529999,85.940002,85.310059,350000
2018-03-22,85.290001,86.66999799999999,84.550003,84.599998,83.979874,689700
2018-03-23,84.860001,84.860001,82.839996,82.959999,82.35189799999999,812700
2018-03-26,84.139999,84.620003,83.190002,84.559998,83.94017,763800
2018-03-27,85.08000200000001,86.0,83.82,84.0,83.384277,805800
2018-03-28,84.0,84.050003,82.910004,83.129997,82.520653,717900
2018-03-29,83.720001,85.769997,83.33000200000001,85.290001,84.664825,807100
2018-04-02,85.279999,85.349998,82.25,83.239998,82.62984499999999,530300
2018-04-03,83.440002,85.0,83.220001,84.589996,83.969948,623300
2018-04-04,83.449997,86.129997,82.849998,85.739998,85.111519,971700
2018-04-05,86.08000200000001,86.660004,84.800003,85.940002,85.310059,990900
2018-04-06,85.519997,86.230003,83.949997,84.75,84.128777,567800
2018-04-09,85.58000200000001,85.68,84.449997,84.540001,83.920326,334400
2018-04-10,85.639999,86.160004,85.07,85.230003,84.605263,651700
2018-04-11,84.43,85.239998,84.339996,84.540001,83.920326,453200
2018-04-12,84.980003,85.779999,84.389999,85.309998,84.684669,578700
2018-04-13,85.769997,85.839996,84.16999799999999,84.559998,83.94017,335300
2018-04-16,85.300003,86.050003,84.870003,85.370003,84.744232,627600
2018-04-17,85.720001,85.980003,85.099998,85.620003,84.992409,801400
2018-04-18,86.089996,87.040001,85.760002,86.5,85.86595200000001,578700
2018-04-19,86.139999,86.339996,84.68,85.389999,84.764084,551500
2018-04-20,85.550003,86.120003,84.309998,84.75,84.128777,587000
2018-04-23,85.129997,85.260002,83.970001,84.519997,83.900459,560400
2018-04-24,84.949997,85.870003,81.58000200000001,82.150002,81.547836,916900
2018-04-25,81.940002,83.139999,81.279999,83.029999,82.421387,1287400
2018-04-26,75.5,79.540001,75.5,78.589996,78.013931,4987400
2018-04-27,78.029999,78.690002,77.050003,77.83000200000001,77.259506,1842600
2018-04-30,78.0,78.459999,76.91999799999999,77.18,76.614273,1947700
2018-05-01,77.230003,77.760002,75.440002,77.139999,76.574554,1534400
2018-05-02,75.75,77.720001,74.940002,75.120003,74.569374,2406500
2018-05-03,74.730003,75.57,73.849998,74.82,74.271561,1348100
2018-05-04,74.07,76.470001,74.0,76.150002,75.59182,1095800
2018-05-07,76.199997,76.559998,75.440002,75.739998,75.184822,939300
2018-05-08,75.629997,76.209999,75.260002,75.889999,75.333725,927200
2018-05-09,75.93,76.550003,75.07,76.279999,75.720863,1018800
2018-05-10,76.43,77.389999,76.269997,77.309998,76.743317,440800
2018-05-11,77.190002,78.230003,76.910004,77.279999,76.713531,480800
2018-05-14,77.33000200000001,78.019997,76.650002,76.849998,76.286682,677400
2018-05-15,76.58000200000001,76.720001,75.650002,76.459999,75.89954399999999,545300
2018-05-16,76.559998,77.360001,76.5,77.019997,76.455437,403400
2018-05-17,76.730003,77.32,76.639999,76.870003,76.30654100000001,569200
2018-05-18,76.879997,78.5,76.599998,78.370003,77.795547,1374800
2018-05-21,78.75,79.089996,78.449997,78.779999,78.202545,577200
2018-05-22,78.849998,79.089996,78.389999,78.66999799999999,78.093346,1015600
2018-05-23,78.279999,79.269997,78.139999,79.220001,78.639313,1055400
2018-05-24,79.260002,79.589996,78.510002,79.260002,78.679024,759600
2018-05-25,79.139999,79.75,78.379997,78.790001,78.212463,637800
2018-05-29,78.379997,79.309998,77.83000200000001,78.269997,77.696274,990500
2018-05-30,78.82,79.709999,78.129997,79.209999,78.629395,604200
2018-05-31,79.309998,79.309998,76.41999799999999,76.43,75.869766,719400
2018-06-01,77.099998,78.33000200000001,77.089996,77.889999,77.319061,725200
2018-06-04,78.139999,78.5,77.709999,78.32,77.745918,490900
2018-06-05,78.5,79.529999,78.5,79.16999799999999,78.589676,555900
2018-06-06,79.220001,79.230003,78.529999,79.230003,78.64924599999999,356600
2018-06-07,79.440002,80.41999799999999,79.41999799999999,80.209999,79.622055,399900
2018-06-08,80.150002,81.139999,80.059998,81.120003,80.52538299999999,884900
2018-06-11,81.129997,81.589996,81.129997,81.260002,80.66436,813800
2018-06-12,81.410004,82.230003,81.089996,82.16999799999999,81.567688,605300
2018-06-13,82.120003,82.120003,80.339996,80.900002,80.307007,934300
2018-06-14,81.160004,82.459999,80.839996,81.790001,81.401779,599000
2018-06-15,81.57,82.150002,80.75,82.07,81.68044300000001,1195200
2018-06-18,81.660004,81.870003,81.139999,81.480003,81.093254,673200
2018-06-19,80.949997,81.040001,79.290001,80.16999799999999,79.789459,621600
2018-06-20,80.349998,80.480003,79.290001,80.0,79.620277,635600
2018-06-21,79.82,79.82,77.5,77.879997,77.51033000000001,663500
2018-06-22,78.349998,78.480003,77.449997,77.690002,77.32124300000001,634300
2018-06-25,77.5,77.5,76.139999,76.379997,76.017448,793800
2018-06-26,76.800003,76.989998,76.190002,76.33000200000001,75.967697,719800
2018-06-27,76.459999,77.800003,76.25,77.389999,77.02265899999999,1331600
2018-06-28,77.150002,77.510002,76.639999,77.18,76.81366,734500
2018-06-29,77.639999,78.160004,76.889999,77.360001,76.992805,669600
2018-07-02,76.949997,77.709999,76.650002,77.629997,77.26151999999999,466700
2018-07-03,78.089996,78.739998,76.91999799999999,77.019997,76.65441899999999,233800
2018-07-05,77.33000200000001,78.07,76.82,77.879997,77.51033000000001,528400
2018-07-06,77.730003,77.730003,76.690002,76.860001,76.49517800000001,1000600
2018-07-09,77.260002,78.349998,76.889999,77.940002,77.570053,660400
2018-07-10,77.989998,78.440002,77.660004,78.349998,77.978104,594000
2018-07-11,78.089996,78.230003,77.459999,77.910004,77.540199,304800
2018-07-12,78.400002,79.279999,78.0,79.08000200000001,78.704636,434500
2018-07-13,79.300003,80.029999,77.860001,79.709999,79.33165,546400
2018-07-16,79.589996,79.809998,79.0,79.239998,78.863876,685300
2018-07-17,78.739998,80.120003,78.739998,80.08000200000001,79.699898,516400
2018-07-18,80.050003,80.360001,79.190002,79.230003,78.853928,588300
2018-07-19,78.91999799999999,79.220001,78.279999,78.68,78.306534,909500
2018-07-20,78.379997,80.470001,78.050003,79.489998,79.112686,609100
2018-07-23,79.730003,79.849998,78.459999,78.709999,78.336395,483400
2018-07-24,78.860001,79.959999,78.82,79.82,79.441132,1328700
2018-07-25,80.0,80.360001,78.410004,80.089996,79.709846,1090500
2018-07-26,77.5,82.199997,75.889999,81.480003,81.093254,1136800
2018-07-27,81.730003,82.099998,81.110001,81.599998,81.212677,1122500
2018-07-30,81.889999,82.449997,80.860001,80.93,80.54586,795600
2018-07-31,81.290001,81.889999,80.660004,81.540001,81.152962,665600
2018-08-01,81.540001,82.279999,80.58000200000001,80.879997,80.496094,579800
2018-08-02,80.550003,81.32,80.239998,81.199997,80.814575,348200
2018-08-03,81.400002,81.91999799999999,80.83000200000001,81.720001,81.33210799999999,301500
2018-08-06,81.58000200000001,82.709999,80.949997,82.57,82.178078,459500
2018-08-07,82.870003,83.5,82.739998,83.099998,82.705559,480900
2018-08-08,83.18,83.18,82.449997,82.519997,82.128311,485600
2018-08-09,82.629997,83.260002,82.480003,82.559998,82.168121,597300
2018-08-10,82.190002,82.389999,81.459999,81.800003,81.411728,459600
2018-08-13,81.91999799999999,82.290001,81.269997,81.730003,81.34206400000001,530900
2018-08-14,81.980003,83.510002,81.66999799999999,83.269997,82.874756,392000
2018-08-15,82.879997,85.690002,82.25,85.300003,84.895119,1028300
2018-08-16,85.629997,87.08000200000001,85.129997,85.43,85.024506,818100
2018-08-17,85.300003,86.989998,85.209999,86.699997,86.288467,485600
2018-08-20,86.989998,87.83000200000001,86.470001,86.959999,86.547241,545700
2018-08-21,86.959999,88.120003,86.900002,87.790001,87.373299,501100
2018-08-22,87.529999,87.529999,86.41999799999999,87.099998,86.68656899999999,360500
2018-08-23,87.099998,87.610001,86.300003,86.440002,86.029709,410500
2018-08-24,86.769997,87.410004,86.41999799999999,87.269997,86.85575899999999,380100
2018-08-27,87.889999,88.400002,87.5,87.690002,87.27377299999999,310700
2018-08-28,87.949997,88.019997,87.279999,87.720001,87.303635,332600
2018-08-29,87.760002,88.019997,86.57,86.959999,86.547241,500100
2018-08-30,86.900002,87.43,86.209999,87.290001,86.875671,778100
2018-08-31,87.129997,87.879997,87.07,87.220001,86.806007,644400
2018-09-04,87.16999799999999,87.290001,86.209999,87.150002,86.736336,565900
2018-09-05,87.290001,89.279999,87.290001,89.199997,88.776604,435600
2018-09-06,89.199997,89.900002,88.690002,88.93,88.507889,461500
2018-09-07,88.800003,89.190002,88.290001,88.709999,88.288933,341800
2018-09-10,89.0,90.18,89.0,89.800003,89.37376400000001,495500
2018-09-11,89.779999,90.160004,89.230003,89.699997,89.27422299999999,488400
2018-09-12,89.639999,90.16999799999999,89.139999,89.739998,89.314041,421700
2018-09-13,89.940002,89.940002,88.959999,89.339996,88.915939,471800
2018-09-14,88.959999,89.230003,87.699997,87.82,87.609085,758000
2018-09-17,88.0,89.110001,87.730003,88.889999,88.676514,744100
2018-09-18,89.099998,90.489998,88.790001,90.370003,90.152969,599900
2018-09-19,90.589996,91.07,90.309998,90.58000200000001,90.36245699999999,472100
2018-09-20,91.120003,91.58000200000001,90.739998,90.910004,90.691673,691300
2018-09-21,90.43,90.779999,89.66999799999999,90.07,89.85368299999999,1112600
2018-09-24,89.980003,90.309998,88.989998,89.389999,89.17531600000001,355300
2018-09-25,89.360001,89.559998,88.800003,89.129997,88.915939,381100
2018-09-26,89.129997,90.029999,88.900002,89.529999,89.31498,347300
2018-09-27,89.650002,90.489998,89.129997,89.989998,89.773872,479200
2018-09-28,89.790001,90.779999,89.690002,90.57,90.352486,516600
2018-10-01,91.550003,92.870003,90.709999,91.139999,90.921112,783000
2018-10-02,90.870003,91.57,90.68,91.32,91.100677,509800
2018-10-03,91.339996,92.07,90.800003,91.220001,91.000923,544400
2018-10-04,90.91999799999999,91.150002,89.83000200000001,90.190002,89.973396,346600
2018-10-05,90.510002,91.089996,89.150002,89.550003,89.334938,395000
2018-10-08,89.440002,89.440002,88.269997,88.370003,88.157768,763900
2018-10-09,88.300003,89.279999,86.779999,87.620003,87.40956899999999,879600
2018-10-10,87.720001,87.720001,84.480003,84.559998,84.356911,871500
2018-10-11,84.57,84.769997,82.620003,82.760002,82.56124100000001,756200
2018-10-12,87.300003,87.300003,82.599998,83.769997,83.56881,696000
2018-10-15,83.589996,84.410004,83.160004,83.83000200000001,83.62867,402200
2018-10-16,84.290001,85.309998,83.849998,85.230003,85.025314,401000
2018-10-17,84.949997,84.949997,83.290001,84.16999799999999,83.96785,408200
2018-10-18,83.959999,84.459999,82.029999,82.709999,82.51136,532000
2018-10-19,82.800003,83.309998,81.550003,81.790001,81.59356700000001,477400
2018-10-22,81.970001,82.040001,81.040001,81.510002,81.314247,620600
2018-10-23,80.379997,83.279999,80.040001,82.75,82.551262,1097300
2018-10-24,82.33000200000001,82.889999,79.639999,79.739998,79.54849200000001,1210500
2018-10-25,81.730003,86.160004,81.629997,82.940002,82.74080699999999,1569700
2018-10-26,82.300003,83.400002,81.489998,82.709999,82.51136,1134600
2018-10-29,83.629997,84.269997,80.360001,81.66999799999999,81.473854,1018800
2018-10-30,81.75,84.83000200000001,81.75,84.599998,84.39681999999999,796100
2018-10-31,85.459999,86.709999,85.459999,85.730003,85.524109,712700
2018-11-01,86.139999,88.120003,85.989998,87.410004,87.200073,1096600
2018-11-02,88.18,89.0,87.370003,88.139999,87.928314,689200
2018-11-05,88.489998,89.220001,87.910004,88.599998,88.387215,628200
2018-11-06,88.349998,89.43,87.779999,89.110001,88.895988,319700
2018-11-07,89.82,89.989998,88.440002,89.769997,89.55439799999999,480200
2018-11-08,89.779999,90.690002,89.309998,90.41999799999999,90.202843,435600
2018-11-09,90.050003,90.5,88.870003,89.389999,89.17531600000001,505200
2018-11-12,89.43,89.610001,88.379997,88.589996,88.377235,351100
2018-11-13,89.040001,90.639999,88.739998,88.870003,88.65657,664300
2018-11-14,89.370003,89.779999,86.43,87.110001,86.900795,682400
2018-11-15,86.540001,89.540001,86.290001,88.459999,88.247551,792800
2018-11-16,88.059998,89.660004,87.720001,89.269997,89.055603,558700
2018-11-19,89.190002,89.93,88.980003,89.440002,89.225197,705400
2018-11-20,88.75,89.68,88.290001,88.75,88.53685,595200
2018-11-21,89.239998,90.480003,88.739998,89.800003,89.584335,352200
2018-11-23,89.510002,89.970001,88.599998,89.110001,88.895988,283600
2018-11-26,90.0,90.150002,89.18,89.769997,89.55439799999999,972300
2018-11-27,89.459999,90.639999,89.190002,90.25,90.033249,625300
2018-11-28,90.32,92.889999,90.139999,92.199997,91.978561,783700
2018-11-29,91.730003,92.889999,90.949997,91.75,91.529648,740100
2018-11-30,91.949997,92.809998,90.989998,91.589996,91.370026,1124500
2018-12-03,92.690002,94.300003,91.199997,93.099998,92.87640400000001,1080300
2018-12-04,92.650002,92.989998,90.019997,90.279999,90.063179,635800
2018-12-06,89.18,89.739998,87.089996,89.739998,89.524475,754100
2018-12-07,89.839996,90.43,88.0,88.66999799999999,88.457047,547000
2018-12-10,88.730003,89.040001,85.559998,87.230003,87.02050799999999,694200
2018-12-11,88.589996,88.660004,86.970001,87.309998,87.100311,683800
2018-12-12,88.510002,89.389999,87.760002,87.839996,87.629036,448000
2018-12-13,88.230003,88.879997,87.190002,87.440002,87.230003,571900
2018-12-14,86.25,87.879997,85.5,86.349998,86.349998,638900
2018-12-17,86.209999,86.209999,83.129997,83.66999799999999,83.66999799999999,653200
2018-12-18,84.480003,85.370003,83.800003,84.309998,84.309998,795100
2018-12-19,84.41999799999999,85.379997,81.480003,81.980003,81.980003,1667200
2018-12-20,81.870003,82.440002,79.93,80.410004,80.410004,875800
2018-12-21,80.099998,81.480003,78.309998,78.540001,78.540001,1130200
2018-12-24,78.0,78.300003,75.32,75.410004,75.410004,545800
2018-12-26,75.720001,78.68,74.83000200000001,78.610001,78.610001,820000
2018-12-27,77.309998,79.300003,76.529999,79.300003,79.300003,613700
2018-12-28,79.510002,79.879997,77.910004,78.550003,78.550003,732700
