Date,Open,High,Low,Close,Adj Close,Volume
2018-05-24,54.189999,54.630001,53.889998999999996,54.580002,53.327858,909400
2018-05-25,54.560001,56.310001,54.560001,56.150002,54.861839,1305600
2018-05-29,55.700001,56.619999,55.450001,56.200001,55.30466800000001,1055400
2018-05-30,56.09,57.279999,55.98,57.040001000000004,56.131287,825600
2018-05-31,56.950001,57.439999,56.68,56.700001,55.7967,1845700
2018-06-01,56.599998,56.77,55.02,55.080002,54.202511,4459800
2018-06-04,55.240002000000004,55.48,53.48,54.0,53.139713,51172100
2018-06-05,54.5,54.740002000000004,53.209998999999996,54.25,53.385735,2904800
2018-06-06,54.049999,54.189999,52.110001000000004,52.290001000000004,51.456959000000005,3643000
2018-06-07,52.25,52.560001,51.740002000000004,51.93,51.102695000000004,2928600
2018-06-08,52.259997999999996,52.509997999999996,51.259997999999996,51.32,50.502410999999995,1830800
2018-06-11,51.459998999999996,51.759997999999996,50.889998999999996,51.57,50.748428000000004,2490700
2018-06-12,51.830002,52.459998999999996,51.470001,52.25,51.417595,2956100
2018-06-13,52.400002,53.119999,51.669998,52.18,51.348709,2089000
2018-06-14,52.450001,52.75,51.630001,51.950001,51.122375,2494400
2018-06-15,52.060001,53.16,51.650002,52.779999,51.939152,5928800
2018-06-18,52.779999,53.220001,52.259997999999996,52.93,52.086765,1874800
2018-06-19,53.240002000000004,54.0,53.09,53.970001,53.110195,2585700
2018-06-20,53.720001,54.459998999999996,53.299999,54.200001,53.336529000000006,1356000
2018-06-21,54.389998999999996,54.77,53.91,54.169998,53.307003,1951200
2018-06-22,54.060001,54.549999,53.959998999999996,54.439999,53.572704,2309400
2018-06-25,54.360001000000004,55.09,54.029999,54.91,54.035217,2031600
2018-06-26,54.57,55.849998,54.57,55.209998999999996,54.330441,2018100
2018-06-27,55.099998,55.810001,55.009997999999996,55.459998999999996,54.576454000000005,1506700
2018-06-28,55.369999,56.290001000000004,55.299999,55.709998999999996,54.822472,1226500
2018-06-29,55.540001000000004,56.25,55.07,56.150002,55.255466000000006,2189700
2018-07-02,56.139998999999996,56.889998999999996,56.110001000000004,56.810001,55.904949,1952100
2018-07-03,56.810001,57.07,56.259997999999996,56.549999,55.64909,849500
2018-07-05,56.549999,56.740002000000004,55.959998999999996,56.560001,55.658936,1523900
2018-07-06,56.450001,57.09,56.41,56.759997999999996,55.855743000000004,1242400
2018-07-09,56.700001,56.740002000000004,54.599998,54.77,53.897449,1308700
2018-07-10,54.369999,55.040001000000004,54.169998,55.0,54.123782999999996,1776400
2018-07-11,55.18,56.139998999999996,54.93,55.970001,55.078334999999996,1061900
2018-07-12,55.709998999999996,56.07,55.349998,55.75,54.861839,1423300
2018-07-13,55.799999,56.07,55.549999,55.91,55.019287,888700
2018-07-16,55.759997999999996,56.09,55.549999,56.0,55.107853000000006,740500
2018-07-17,56.240002000000004,56.400002,55.849998,56.029999,55.137375,1213400
2018-07-18,55.830002,56.029999,55.18,55.549999,54.665024,680400
2018-07-19,55.650002,56.580002,55.650002,56.150002,55.255466000000006,874500
2018-07-20,55.77,56.16,55.560001,55.709998999999996,54.822472,817300
2018-07-23,55.790001000000004,55.799999,54.93,55.049999,54.172985,1459900
2018-07-24,54.91,55.310001,54.369999,54.990002000000004,54.113944999999994,1560800
2018-07-25,54.950001,55.529999,54.84,55.040001000000004,54.163151,1937700
2018-07-26,55.310001,55.880001,55.110001000000004,55.48,54.596138,951600
2018-07-27,55.43,55.73,54.900002,55.330002,54.44853199999999,1013200
2018-07-30,55.299999,55.889998999999996,54.82,55.41,54.527252000000004,951400
2018-07-31,55.509997999999996,56.23,55.049999,56.09,55.196422999999996,1155700
2018-08-01,55.810001,56.040001000000004,54.939999,55.599998,54.714226000000004,914600
2018-08-02,55.540001000000004,56.119999,55.380001,55.82,54.930721,1081300
2018-08-03,55.889998999999996,56.639998999999996,55.439999,56.18,55.284985,1089800
2018-08-06,56.169998,56.900002,55.950001,56.150002,55.255466000000006,1159100
2018-08-07,56.150002,56.77,55.91,56.619999,55.717976,1412100
2018-08-08,56.41,56.619999,56.110001000000004,56.369999,55.471957999999994,1111500
2018-08-09,55.599998,57.32,55.509997999999996,57.02,56.111603,1610100
2018-08-10,57.119999,57.990002000000004,57.119999,57.68,56.761089,1507500
2018-08-13,57.450001,57.810001,57.009997999999996,57.610001000000004,56.692204000000004,1977300
2018-08-14,57.639998999999996,57.959998999999996,57.34,57.439999,56.524914,1033200
2018-08-15,57.459998999999996,58.220001,57.259997999999996,57.689999,56.770927,1423600
2018-08-16,57.57,57.880001,57.299999,57.68,56.761089,1828500
2018-08-17,57.57,58.220001,57.369999,57.869999,56.94805899999999,3784600
2018-08-20,57.869999,58.240002000000004,57.639998999999996,57.849998,56.92837900000001,1413400
2018-08-21,57.650002,57.68,57.32,57.41,56.495388,1729300
2018-08-22,57.529999,57.630001,56.810001,56.990002000000004,56.082081,1304400
2018-08-23,56.91,57.41,56.82,56.939999,56.032875,996000
2018-08-24,56.970001,57.52,56.610001000000004,57.450001,56.53475600000001,1137900
2018-08-27,57.43,57.759997999999996,56.700001,56.959998999999996,56.052558999999995,2003800
2018-08-28,56.439999,57.279999,56.27,56.900002,56.44939399999999,1428900
2018-08-29,56.82,57.310001,56.720001,57.110001000000004,56.65773000000001,1266100
2018-08-30,57.279999,57.610001000000004,57.119999,57.349998,56.895824,994100
2018-08-31,57.459998999999996,57.639998999999996,56.93,57.049999,56.598202,1422200
2018-09-04,57.27,57.68,57.029999,57.509997999999996,57.05455799999999,1135300
2018-09-05,57.630001,58.619999,57.630001,58.52,58.056561,1872000
2018-09-06,58.41,59.279999,58.41,58.950001,58.483157999999996,1559600
2018-09-07,58.43,58.860001000000004,58.279999,58.299999,57.838303,1598400
2018-09-10,58.43,58.98,58.299999,58.48,58.01688000000001,1660000
2018-09-11,58.34,58.75,58.34,58.41,57.947433,1194800
2018-09-12,58.349998,58.599998,57.990002000000004,58.150002,57.689494999999994,1221600
2018-09-13,58.240002000000004,58.330002,57.799999,58.099998,57.639885,1289100
2018-09-14,58.07,58.07,57.279999,57.759997999999996,57.302578000000004,1268800
2018-09-17,57.919998,58.130001,57.48,57.700001,57.24305699999999,1355100
2018-09-18,57.470001,57.810001,56.419998,57.48,57.024799,1420600
2018-09-19,57.5,57.5,55.709998999999996,55.91,55.467231999999996,3316000
2018-09-20,55.790001000000004,56.060001,55.360001000000004,55.77,55.328339,2740600
2018-09-21,55.610001000000004,56.16,55.27,55.869999,55.427547,7317000
2018-09-24,55.950001,55.98,55.310001,55.650002,55.209293,2633500
2018-09-25,55.560001,55.599998,54.93,55.02,54.584278000000005,2801200
2018-09-26,55.139998999999996,55.419998,54.189999,54.23,53.800537,1548300
2018-09-27,54.27,54.77,54.220001,54.310001,53.879902,2383100
2018-09-28,54.5,54.950001,54.34,54.919998,54.485068999999996,2879400
2018-10-01,54.959998999999996,55.349998,54.82,55.130001,54.693408999999996,1159300
2018-10-02,55.139998999999996,55.630001,55.110001000000004,55.439999,55.00095400000001,1495600
2018-10-03,55.349998,55.630001,54.259997999999996,54.889998999999996,54.455307,1927100
2018-10-04,54.740002000000004,55.490002000000004,54.259997999999996,55.25,54.81245799999999,1303800
2018-10-05,55.09,55.869999,55.080002,55.720001,55.278736,1660600
2018-10-08,55.759997999999996,56.419998,55.740002000000004,56.119999,55.675568000000005,2176100
2018-10-09,56.279999,56.75,56.0,56.380001,55.93351,1290900
2018-10-10,56.189999,56.970001,56.060001,56.110001000000004,55.665649,1870100
2018-10-11,56.299999,56.549999,55.220001,55.540001000000004,55.100163,2516900
2018-10-12,55.459998999999996,55.860001000000004,54.889998999999996,55.619999,55.179527,1758300
2018-10-15,55.639998999999996,56.119999,55.639998999999996,55.73,55.288658,1239500
2018-10-16,55.57,56.439999,55.380001,56.139998999999996,55.69540799999999,1639900
2018-10-17,56.040001000000004,56.299999,55.84,56.009997999999996,55.566437,1169600
2018-10-18,56.07,56.290001000000004,55.830002,56.259997999999996,55.814457,1178500
2018-10-19,56.240002000000004,57.18,56.119999,57.02,56.568439,1519000
2018-10-22,57.02,57.07,56.509997999999996,56.810001,56.36010400000001,1479400
2018-10-23,56.849998,57.240002000000004,56.110001000000004,56.43,55.983112,1596200
2018-10-24,56.630001,57.689999,56.41,57.310001,56.85614399999999,1493400
2018-10-25,57.029999,57.029999,56.509997999999996,56.75,56.300579000000006,1185700
2018-10-26,56.93,57.240002000000004,55.580002,56.119999,55.675568000000005,1783300
2018-10-29,56.200001,57.049999,56.200001,56.57,56.122005,1290400
2018-10-30,56.77,56.939999,55.860001000000004,56.279999,55.834301,1448700
2018-10-31,56.080002,56.400002,55.41,55.990002000000004,55.5466,2117200
2018-11-01,55.93,56.220001,55.700001,56.110001000000004,55.665649,1778100
2018-11-02,56.209998999999996,56.599998,55.490002000000004,55.830002,55.38786700000001,983300
2018-11-05,55.630001,56.759997999999996,55.580002,56.34,55.893826000000004,1330900
2018-11-06,56.360001000000004,57.139998999999996,56.209998999999996,57.02,56.568439,1085400
2018-11-07,57.18,57.459998999999996,56.740002000000004,57.18,56.727173,1299500
2018-11-08,58.009997999999996,58.009997999999996,56.209998999999996,57.139998999999996,56.687489,1772200
2018-11-09,57.220001,58.509997999999996,57.029999,58.349998,57.887905,1391500
2018-11-12,58.200001,59.790001000000004,58.139998999999996,59.310001,58.84030500000001,1353500
2018-11-13,59.240002000000004,59.860001000000004,58.66,59.73,59.256981,1456900
2018-11-14,59.459998999999996,60.25,59.25,59.939999,59.465317000000006,1822200
2018-11-15,59.689999,60.220001,59.080002,60.09,59.614128,1887700
2018-11-16,60.73,61.099998,59.849998,60.119999,59.64389,2070500
2018-11-19,60.049999,60.18,59.189999,59.849998,59.376026,1640700
2018-11-20,60.189999,60.66,59.5,59.700001,59.22721899999999,1745300
2018-11-21,59.529999,59.790001000000004,58.450001,58.650002,58.185534999999994,853600
2018-11-23,58.650002,58.799999,57.939999,58.73,58.2649,539500
2018-11-26,58.57,59.540001000000004,58.57,59.529999,59.058563,1615800
2018-11-27,59.549999,59.990002000000004,59.029999,59.98,59.505001,1537400
2018-11-28,59.490002000000004,59.91,58.830002,59.130001,59.130001,1381000
2018-11-29,59.240002000000004,59.25,58.110001000000004,58.82,58.82,1656900
2018-11-30,58.990002000000004,59.549999,58.48,59.369999,59.369999,2113100
2018-12-03,59.200001,59.720001,58.68,59.709998999999996,59.709998999999996,1294900
2018-12-04,59.939999,60.959998999999996,59.869999,60.040001000000004,60.040001000000004,2045400
2018-12-06,60.290001000000004,60.810001,59.43,60.77,60.77,2016200
2018-12-07,60.82,60.91,59.919998,60.310001,60.310001,1682700
2018-12-10,60.299999,60.610001000000004,59.029999,60.509997999999996,60.509997999999996,1917800
2018-12-11,60.490002000000004,61.0,60.25,60.630001,60.630001,1365500
2018-12-12,60.580002,61.0,59.73,59.830002,59.830002,1495800
2018-12-13,59.790001000000004,60.77,59.700001,60.23,60.23,1858900
2018-12-14,60.34,60.869999,60.07,60.540001000000004,60.540001000000004,1573000
2018-12-17,60.73,60.939999,58.27,58.349998,58.349998,2480500
2018-12-18,58.75,59.450001,57.98,58.25,58.25,1881400
2018-12-19,58.369999,58.669998,57.68,58.080002,58.080002,1911600
2018-12-20,57.959998999999996,59.25,57.110001000000004,58.009997999999996,58.009997999999996,2751700
2018-12-21,58.040001000000004,59.580002,57.580002,58.279999,58.279999,5400800
2018-12-24,58.450001,58.830002,55.830002,55.91,55.91,1332000
2018-12-26,55.91,56.610001000000004,55.18,56.580002,56.580002,1573100
2018-12-27,56.59,56.849998,55.52,56.73,56.73,1993900
2018-12-28,56.950001,57.549999,56.369999,56.529999,56.529999,1638400
