Date,Open,High,Low,Close,Adj Close,Volume
2016-07-05,49.400002,54.34,48.395,48.599998,48.027233,6230700
2016-07-06,47.07,48.599998,46.290001000000004,47.75,47.187259999999995,6706500
2016-07-07,47.619999,48.0,47.345001,47.740002000000004,47.177376,5486800
2016-07-08,47.959998999999996,50.610001000000004,47.529999,50.200001,49.608383,4243500
2016-07-11,49.209998999999996,51.23,48.98,51.119999,50.517540000000004,6042300
2016-07-12,51.0,51.060001,50.259997999999996,50.57,49.974018,5552900
2016-07-13,50.57,51.099998,49.830002,50.619999,50.023438,4864700
2016-07-14,50.330002,51.740002000000004,49.950001,51.57,50.962238,3481600
2016-07-15,51.779999,51.91,50.610001000000004,51.23,50.626251,3689800
2016-07-18,50.77,51.580002,50.509997999999996,51.290001000000004,50.685532,1557500
2016-07-19,51.040001000000004,51.560001,50.439999,51.549999,50.942471000000005,1954700
2016-07-20,51.84,51.919998,50.009997999999996,50.34,49.746735,3351700
2016-07-21,50.400002,50.619999,49.990002000000004,50.240002000000004,49.647907000000004,3029900
2016-07-22,50.0,50.290001000000004,49.290001000000004,49.400002,48.817809999999994,2450600
2016-07-25,49.220001,49.450001,47.860001000000004,48.98,48.402756,3044800
2016-07-26,48.560001,49.419998,48.279999,49.279999,48.699222999999996,1571400
2016-07-27,49.080002,49.5,48.715,48.919998,48.343464000000004,1628600
2016-07-28,48.740002000000004,49.09,48.345001,48.650002,48.076653,2923100
2016-07-29,48.459998999999996,48.799999,48.009997999999996,48.209998999999996,47.64183,4484100
2016-08-01,48.110001000000004,48.509997999999996,47.59,47.799999,47.236664000000005,2981000
2016-08-02,47.5,48.02,47.18,47.5,46.940205,3267300
2016-08-03,47.5,49.48,47.349998,49.279999,48.699222999999996,4709900
2016-08-04,49.59,50.110001000000004,49.48,50.029999,49.440388,2946600
2016-08-05,50.259997999999996,50.98,50.259997999999996,50.580002,49.983897999999996,2665900
2016-08-08,50.630001,50.869999,49.939999,50.049999,49.460152,2116500
2016-08-09,48.73,50.529999,48.421001000000004,50.459998999999996,49.865311,1077900
2016-08-10,50.470001,50.799999,50.099998,50.450001,49.855434,1182400
2016-08-11,50.73,52.709998999999996,50.700001,52.549999,51.930690999999996,1988600
2016-08-12,52.0,52.869999,51.799999,52.709998999999996,52.088795000000005,1287800
2016-08-15,52.950001,53.77,52.860001000000004,53.66,53.027599,1457900
2016-08-16,53.580002,53.950001,53.27,53.549999,52.9189,1002300
2016-08-17,53.669998,53.73,53.34,53.41,52.780552,1032100
2016-08-18,53.220001,53.52,52.93,53.16,52.533497,874700
2016-08-19,52.950001,52.950001,51.709998999999996,51.919998,51.308105,1196100
2016-08-22,51.919998,52.040001000000004,51.080002,51.259997999999996,50.655884,1081700
2016-08-23,51.360001000000004,52.099998,51.139998999999996,51.900002,51.288345,2513600
2016-08-24,51.259997999999996,51.779999,50.604,51.369999,50.833153,692800
2016-08-25,51.18,51.889998999999996,50.98,51.619999,51.080535999999995,1384900
2016-08-26,51.639998999999996,52.34,51.529999,51.869999,51.327923,937600
2016-08-29,51.779999,52.790001000000004,51.560001,52.41,51.862286,980300
2016-08-30,52.189999,53.470001,52.189999,52.610001000000004,52.060196000000005,952100
2016-08-31,52.470001,52.82,52.0,52.669998,52.11956,1653600
2016-09-01,52.959998999999996,53.110001000000004,52.139998999999996,52.630001,52.079983,959400
2016-09-02,53.02,53.470001,52.810001,53.380001,52.822146999999994,840800
2016-09-06,53.5,53.549999,52.290001000000004,52.73,52.178936,1293800
2016-09-07,52.43,53.119999,52.02,52.939999,52.386742,1743200
2016-09-08,52.68,52.959998999999996,52.27,52.330002,51.783119,1040600
2016-09-09,51.77,52.009997999999996,50.549999,50.549999,50.021725,2170700
2016-09-12,50.02,51.439999,49.860001000000004,51.209998999999996,50.674820000000004,1862400
2016-09-13,50.860001000000004,51.400002,49.970001,50.040001000000004,49.517056,1607100
2016-09-14,50.049999,50.5,49.639998999999996,50.02,49.497257,1152300
2016-09-15,49.98,50.599998,49.5,50.490002000000004,49.962348999999996,1410100
2016-09-16,50.110001000000004,50.389998999999996,49.419998,50.259997999999996,49.734753000000005,2351900
2016-09-19,50.41,51.404999,50.380001,50.779999,50.249317,968800
2016-09-20,50.779999,51.080002,50.209998999999996,50.25,49.724857,1070400
2016-09-21,50.470001,51.009997999999996,50.220001,50.98,50.447227000000005,850800
2016-09-22,51.349998,51.990002000000004,51.290001000000004,51.639998999999996,51.10033,1649200
2016-09-23,51.299999,51.580002,50.650002,50.880001,50.348273999999996,807200
2016-09-26,50.66,51.490002000000004,50.299999,51.220001,50.684719,1066300
2016-09-27,51.099998,51.779999,51.049999,51.610001000000004,51.070644,1196400
2016-09-28,51.740002000000004,51.77,51.349998,51.720001,51.179501,905700
2016-09-29,51.09,51.610001000000004,50.630001,50.700001,50.170155,1458100
2016-09-30,51.119999,51.27,50.279999,50.900002,50.368065,1952400
2016-10-03,50.610001000000004,51.66,50.610001000000004,51.389998999999996,50.852947,1360700
2016-10-04,51.259997999999996,51.450001,50.560001,50.810001,50.279011,1212800
2016-10-05,51.02,51.294998,50.599998,50.939999,50.407641999999996,884500
2016-10-06,50.830002,50.970001,50.5,50.700001,50.170155,764000
2016-10-07,50.5,50.810001,49.869999,49.93,49.408207,1055600
2016-10-10,50.23,50.32,49.900002,49.950001,49.427994,1021200
2016-10-11,49.919998,50.16,49.02,49.220001,48.705624,1401900
2016-10-12,49.400002,49.400002,48.650002,48.990002000000004,48.478031,1620000
2016-10-13,48.630001,49.68,48.0,48.82,48.309807,1209600
2016-10-14,49.07,49.935001,48.810001,49.459998999999996,48.943111,872300
2016-10-17,49.560001,49.59,48.91,49.060001,48.547295,1116500
2016-10-18,49.650002,50.32,49.0,49.09,48.576984,1119800
2016-10-19,49.27,49.796001000000004,48.459998999999996,49.389998999999996,48.873844,759900
2016-10-20,49.139998999999996,49.18,48.439999,48.700001,48.191055,1419300
2016-10-21,48.220001,48.889998999999996,48.130001,48.669998,48.161365999999994,1707000
2016-10-24,48.869999,49.259997999999996,48.360001000000004,48.549999,48.042625,1269600
2016-10-25,48.5,48.5,47.860001000000004,47.919998,47.419209,1279400
2016-10-26,47.799999,48.119999,47.540001000000004,47.77,47.270779,1574700
2016-10-27,47.689999,47.689999,46.810001,47.490002000000004,46.99371,3144200
2016-10-28,50.23,51.689999,49.73,50.209998999999996,49.685268,3978800
2016-10-31,50.209998999999996,51.349998,50.040001000000004,51.049999,50.516498999999996,1561700
2016-11-01,50.939999,51.02,49.990002000000004,50.490002000000004,49.962348999999996,1775800
2016-11-02,50.450001,51.150002,50.279999,50.32,49.794125,866600
2016-11-03,50.290001000000004,51.200001,49.990002000000004,50.98,50.447227000000005,1145700
2016-11-04,51.02,51.66,50.540001000000004,51.110001000000004,50.575866999999995,1568200
2016-11-07,51.57,52.07,51.035,51.790001000000004,51.248768,1413900
2016-11-08,51.880001,52.799999,51.369999,52.650002,52.099773,1088700
2016-11-09,51.990002000000004,53.93,51.903999,53.459998999999996,52.901314,1673900
2016-11-10,53.950001,55.34,53.695,54.200001,53.633575,1796200
2016-11-11,54.09,54.740002000000004,53.279999,53.400002,52.841942,1431400
2016-11-14,53.66,54.060001,53.490002000000004,53.82,53.25754499999999,2402200
2016-11-15,53.939999,54.450001,53.689999,54.119999,53.554413000000004,1703400
2016-11-16,53.790001000000004,54.455002,53.709998999999996,54.439999,53.871067000000004,1491600
2016-11-17,54.380001,54.66,53.919998,54.5,53.930443000000004,932400
2016-11-18,54.48,54.75,54.09,54.630001,54.059082,1214900
2016-11-21,54.25,55.16,54.0,54.830002,54.256992000000004,1391300
2016-11-22,54.740002000000004,55.77,54.560001,55.369999,54.861397,1333200
2016-11-23,55.610001000000004,55.93,55.27,55.799999,55.357422,985100
2016-11-25,56.080002,56.150002,55.450001,55.970001,55.526081000000005,489300
2016-11-28,56.080002,56.240002000000004,55.32,55.59,55.14909,1054100
2016-11-29,55.360001000000004,55.98,55.209998999999996,55.279999,54.841549,1078000
2016-11-30,55.650002,56.154999,54.799999,54.990002000000004,54.553852,4718900
2016-12-01,55.139998999999996,55.209998999999996,54.0,54.189999,53.76019300000001,3325300
2016-12-02,54.290001000000004,55.029999,54.009997999999996,54.48,54.047897,2545400
2016-12-05,54.77,54.889998999999996,53.57,53.91,53.482418,1420800
2016-12-06,53.970001,54.119999,53.540001000000004,54.0,53.571697,2281300
2016-12-07,54.0,54.404999,53.41,54.240002000000004,53.80980699999999,3285700
2016-12-08,54.369999,54.459998999999996,53.435001,53.68,53.254242000000005,2203200
2016-12-09,53.509997999999996,54.16,53.32,54.0,53.571697,1441400
2016-12-12,53.880001,54.369999,53.740002000000004,53.990002000000004,53.561775,1533200
2016-12-13,54.279999,54.450001,53.25,53.849998,53.42289399999999,2752000
2016-12-14,53.889998999999996,55.334998999999996,53.869999,54.25,53.819720999999994,1559700
2016-12-15,54.209998999999996,55.290001000000004,53.93,54.810001,54.375278,1578100
2016-12-16,54.860001000000004,55.02,54.400002,54.830002,54.395118999999994,2413200
2016-12-19,54.810001,55.029999,54.389998999999996,54.959998999999996,54.52409,1169300
2016-12-20,55.240002000000004,55.459998999999996,54.810001,55.049999,54.613372999999996,1187900
2016-12-21,54.970001,54.970001,53.919998,54.119999,53.69075,1469800
2016-12-22,54.119999,54.98,53.689999,54.09,53.66099200000001,1543300
2016-12-23,54.330002,54.759997999999996,53.77,54.509997999999996,54.077656000000005,511900
2016-12-27,54.75,54.84,54.110001000000004,54.459998999999996,54.028045999999996,915400
2016-12-28,54.66,54.66,53.470001,53.75,53.323685,602700
2016-12-29,53.990002000000004,54.139998999999996,53.59,54.009997999999996,53.581623,479500
2016-12-30,54.200001,54.48,53.389998999999996,53.630001,53.204639,705100
2017-01-03,53.889998999999996,54.183997999999995,52.990002000000004,53.73,53.303841000000006,1615100
2017-01-04,54.119999,54.529999,53.970001,54.25,53.819720999999994,1487100
2017-01-05,54.330002,54.700001,53.709998999999996,53.939999,53.512173,1430000
2017-01-06,53.900002,54.200001,53.389998999999996,53.869999,53.442730000000005,1260000
2017-01-09,54.02,54.200001,53.59,53.73,53.303841000000006,743300
2017-01-10,53.73,54.080002,53.48,53.799999,53.373287,1311600
2017-01-11,53.779999,53.880001,53.259997999999996,53.66,53.234398,3691700
2017-01-12,53.470001,53.889998999999996,53.360001000000004,53.669998,53.244316000000005,2030200
2017-01-13,54.400002,55.16,54.400002,54.759997999999996,54.325672,1439400
2017-01-17,54.439999,54.529999,53.669998,54.130001,53.70066800000001,1234900
2017-01-18,54.110001000000004,54.400002,53.849998,54.139998999999996,53.71059399999999,1346100
2017-01-19,54.23,54.68,54.0,54.27,53.83955400000001,821100
2017-01-20,54.419998,54.68,54.209998999999996,54.52,54.087574,1822900
2017-01-23,54.32,54.810001,53.59,54.110001000000004,53.680831999999995,1372800
2017-01-24,54.310001,54.990002000000004,54.089001,54.700001,54.266155000000005,1710500
2017-01-25,54.939999,55.34,54.700001,55.169998,54.732422,1755900
2017-01-26,55.0,55.98,54.759997999999996,55.689999,55.248295,2298600
2017-01-27,55.73,56.0,55.549999,55.93,55.48639300000001,1568700
2017-01-30,55.93,55.93,54.75,55.439999,55.00028199999999,1570600
2017-01-31,55.240002000000004,55.540001000000004,54.91,55.310001,54.871311,1792800
2017-02-01,55.470001,55.650002,54.805,55.130001,54.692738,1159700
2017-02-02,54.799999,55.5,54.5,55.209998999999996,54.77210600000001,1895200
2017-02-03,55.560001,56.650002,55.07,56.02,55.575680000000006,1447400
2017-02-06,55.700001,55.939999,55.509997999999996,55.810001,55.367343999999996,879600
2017-02-07,56.0,56.119999,55.560001,55.639998999999996,55.1987,1898000
2017-02-08,54.970001,56.389998999999996,54.883998999999996,56.18,55.734413,4628200
2017-02-09,56.16,57.150002,56.16,57.02,56.567749,1128300
2017-02-10,57.189999,57.419998,56.68,57.150002,56.69671999999999,1250800
2017-02-13,57.459998999999996,58.040001000000004,57.380001,57.529999,57.0737,1187800
2017-02-14,57.5,57.529999,56.919998,57.290001000000004,56.835609,1008600
2017-02-15,57.240002000000004,57.75,57.081001,57.580002,57.12330600000001,1022000
2017-02-16,57.66,58.240002000000004,56.799999,57.389998999999996,56.93481800000001,1120400
2017-02-17,57.41,57.720001,57.130001,57.689999,57.23243000000001,902000
2017-02-21,57.689999,58.25,57.529999,58.130001,57.668938,1553200
2017-02-22,57.77,58.169998,57.549999,57.689999,57.30143399999999,939600
2017-02-23,58.009997999999996,58.150002,57.119999,57.259997999999996,56.874331999999995,1019300
2017-02-24,57.09,57.900002,56.73,57.790001000000004,57.400760999999996,1846700
2017-02-27,57.639998999999996,57.880001,57.470001,57.650002,57.261711,891600
2017-02-28,57.669998,57.889998999999996,57.310001,57.650002,57.261711,1648700
2017-03-01,58.220001,59.240002000000004,58.080002,58.91,58.513218,1436200
2017-03-02,58.91,59.009997999999996,58.32,58.630001,58.23510400000001,1943600
2017-03-03,58.610001000000004,58.880001,58.369999,58.73,58.334435,1438400
2017-03-06,58.32,58.66,58.005001,58.330002,57.937121999999995,1567200
2017-03-07,58.369999,58.549999,58.009997999999996,58.200001,57.807999,1664600
2017-03-08,58.209998999999996,58.470001,58.02,58.169998,57.778202,1290500
2017-03-09,58.080002,58.470001,57.830002,58.02,57.629211,1308100
2017-03-10,58.279999,58.549999,57.98,58.310001,57.917255000000004,1219100
2017-03-13,58.450001,58.970001,58.09,58.77,58.374168000000004,1573600
2017-03-14,58.48,58.650002,58.25,58.549999,58.155646999999995,951000
2017-03-15,58.779999,59.880001,58.779999,59.700001,59.297901,1783900
2017-03-16,59.73,59.919998,59.400002,59.509997999999996,59.109173,1428100
2017-03-17,59.73,59.814999,59.439999,59.580002,59.178711,1928500
2017-03-20,59.599998,59.849998,58.959998999999996,59.0,58.602615,1467800
2017-03-21,59.279999,59.470001,58.34,58.509997999999996,58.11591,1856500
2017-03-22,58.509997999999996,58.82,58.290001000000004,58.490002000000004,58.096045999999994,1661100
2017-03-23,58.310001,58.84,58.290001000000004,58.529999,58.135777000000004,1054500
2017-03-24,60.18,60.18,58.939999,59.310001,58.91053,1811200
2017-03-27,58.720001,59.299999,58.150002,59.080002,58.682076,943200
2017-03-28,59.040001000000004,59.77,58.75,59.59,59.188641000000004,817900
2017-03-29,59.860001000000004,60.41,59.509997999999996,59.650002,59.248238,1376300
2017-03-30,59.720001,59.990002000000004,59.450001,59.619999,59.218437,1155400
2017-03-31,59.57,60.400002,59.380001,60.220001,59.814392000000005,1220700
2017-04-03,60.220001,60.650002,59.540001000000004,60.130001,59.724998,1918000
2017-04-04,60.119999,60.299999,59.805,60.02,59.615742000000004,1514400
2017-04-05,60.259997999999996,60.790001000000004,60.060001,60.25,59.844196,1389900
2017-04-06,60.27,60.779999,60.150002,60.57,60.162037,719900
2017-04-07,60.580002,60.700001,60.349998,60.470001,60.062717000000006,521400
2017-04-10,60.5,61.110001000000004,60.470001,61.0,60.589142,1224600
2017-04-11,60.66,60.970001,60.41,60.77,60.360687,2477400
2017-04-12,60.790001000000004,60.939999,60.23,60.5,60.09250600000001,1546100
2017-04-13,60.5,60.919998,60.290001000000004,60.330002,59.92365600000001,1215400
2017-04-17,60.5,60.57,60.064999,60.48,60.072639,978300
2017-04-18,60.119999,60.484001,59.994999,60.27,59.864059,1563000
2017-04-19,60.290001000000004,60.689999,59.880001,60.009997999999996,59.605804000000006,1963300
2017-04-20,60.259997999999996,60.849998,59.880001,60.610001000000004,60.201767000000004,1502700
2017-04-21,60.59,60.700001,59.974998,60.009997999999996,59.605804000000006,1389900
2017-04-24,60.790001000000004,61.540001000000004,60.68,61.43,61.016243,1269300
2017-04-25,61.790001000000004,62.540001000000004,61.700001,62.330002,61.910187,1472000
2017-04-26,62.299999,62.73,62.110001000000004,62.25,61.830727,1303600
2017-04-27,62.240002000000004,63.009997999999996,62.07,62.32,61.900253,1945700
2017-04-28,62.959998999999996,64.269997,62.5,63.259997999999996,62.833916,2401500
2017-05-01,63.610001000000004,63.650002,62.110001000000004,62.34,61.92012,1759100
2017-05-02,61.830002,62.32,61.099998,62.18,61.761192,1505200
2017-05-03,61.950001,62.720001,61.779999,62.669998,62.247890000000005,976800
2017-05-04,62.630001,63.110001000000004,62.560001,62.82,62.396885,819900
2017-05-05,62.860001000000004,63.16,62.48,63.139998999999996,62.714721999999995,595400
2017-05-08,63.09,63.360001000000004,62.735001000000004,62.889998999999996,62.466412,1791500
2017-05-09,62.939999,63.43,62.459998999999996,62.700001,62.277694999999994,826000
2017-05-10,62.529999,62.810001,62.240002000000004,62.57,62.148571,1048500
2017-05-11,62.18,62.700001,62.080002,62.619999,62.19823100000001,591300
2017-05-12,62.439999,62.528,62.0,62.18,61.761192,1005100
2017-05-15,62.299999,62.639998999999996,62.189999,62.220001,61.80093000000001,981500
2017-05-16,62.450001,62.450001,62.049999,62.330002,61.910187,889400
2017-05-17,62.330002,62.330002,61.130001,61.200001,60.7878,1235900
2017-05-18,60.75,61.59,60.400002,61.16,60.748062,1377800
2017-05-19,61.48,62.02,60.994999,61.84,61.423489000000004,1867600
2017-05-22,62.09,62.5,61.900002,62.400002,61.979717,771700
2017-05-23,62.389998999999996,62.700001,62.130001,62.610001000000004,62.188301,769500
2017-05-24,62.740002000000004,63.220001,62.630001,63.080002,62.725262,1357900
2017-05-25,63.119999,63.869999,62.75,63.639998999999996,63.282104000000004,1039100
2017-05-26,63.68,63.900002,63.380001,63.509997999999996,63.152840000000005,1176200
2017-05-30,63.240002000000004,63.790001000000004,63.029999,63.349998,62.99374,1775800
2017-05-31,63.419998,63.560001,61.799999,62.450001,62.098801,3926600
2017-06-01,62.73,63.43,62.474998,62.990002000000004,62.635765,1105500
2017-06-02,62.900002,63.830002,62.845001,63.41,63.053402,1187700
2017-06-05,63.240002000000004,63.560001,63.220001,63.32,62.963905000000004,839500
2017-06-06,63.240002000000004,63.450001,63.040001000000004,63.200001,62.844584999999995,1376800
2017-06-07,63.25,63.759997999999996,63.07,63.360001000000004,63.003685,786000
2017-06-08,63.360001000000004,63.75,62.810001,63.700001,63.34177,982400
2017-06-09,64.0,64.0,62.560001,63.09,62.735203000000006,1027100
2017-06-12,63.040001000000004,63.345001,62.198002,62.459998999999996,62.108746,1138200
2017-06-13,62.68,63.290001000000004,62.43,63.27,62.91419200000001,1013700
2017-06-14,63.279999,63.48,62.93,62.950001,62.59599300000001,1378800
2017-06-15,62.66,63.259997999999996,62.380001,63.040001000000004,62.685486,1172000
2017-06-16,63.169998,64.059998,62.869999,64.050003,63.689808,1676700
2017-06-19,64.309998,64.83000200000001,64.190002,64.790001,64.42564399999999,1373600
2017-06-20,64.5,65.209999,64.300003,64.470001,64.107445,1760800
2017-06-21,64.519997,64.699997,64.279999,64.370003,64.008003,1462500
2017-06-22,64.339996,64.529999,63.91,64.099998,63.739517000000006,1043500
2017-06-23,63.950001,64.160004,63.669998,64.099998,63.739517000000006,7313000
2017-06-26,64.300003,64.720001,63.939999,64.110001,63.749466000000005,1009500
2017-06-27,63.790001000000004,64.089996,63.369999,63.369999,63.013622,697800
2017-06-28,63.790001000000004,64.550003,63.595001,64.410004,64.047783,830200
2017-06-29,64.370003,64.370003,62.75,62.860001000000004,62.506493000000006,1291200
2017-06-30,62.919998,63.68,62.900002,63.349998,62.99374,1176900
2017-07-03,63.650002,63.73,63.189999,63.330002,62.973854,652600
2017-07-05,63.630001,63.98,63.185001,63.610001000000004,63.252277,892200
2017-07-06,63.400002,63.779999,63.220001,63.330002,62.973854,1475700
2017-07-07,63.610001000000004,64.0,63.459998999999996,63.849998,63.490931999999994,1114100
2017-07-10,63.82,64.945,63.759997999999996,64.599998,64.23670200000001,1975100
2017-07-11,64.68,64.68,63.380001,63.970001,63.610252,1104800
2017-07-12,64.239998,64.900002,64.199997,64.699997,64.336151,1118500
2017-07-13,64.75,64.860001,64.309998,64.389999,64.027893,869400
2017-07-14,64.41999799999999,64.790001,64.32,64.559998,64.196938,1113400
2017-07-17,64.57,64.57,63.779999,64.139999,63.779293,1388200
2017-07-18,64.029999,64.220001,63.630001,63.75,63.39149499999999,1029900
2017-07-19,63.939999,63.990002000000004,63.580002,63.970001,63.610252,1400600
2017-07-20,64.010002,64.150002,62.830002,63.5,63.142899,1558100
2017-07-21,63.240002000000004,63.490002000000004,63.080002,63.25,62.89430600000001,1284200
2017-07-24,63.330002,63.400002,63.049999,63.290001000000004,62.934086,1203500
2017-07-25,63.57,63.73,62.970001,63.07,62.715320999999996,1716700
2017-07-26,63.110001000000004,63.220001,62.139998999999996,62.18,61.830318000000005,1740900
2017-07-27,62.16,62.790001000000004,62.049999,62.580002,62.228077,1840200
2017-07-28,63.5,64.82,62.639,64.470001,64.107445,2210700
2017-07-31,64.760002,64.910004,64.209999,64.739998,64.375923,1986000
2017-08-01,64.790001,65.730003,64.260002,65.199997,64.833344,1849700
2017-08-02,65.309998,66.540001,65.300003,66.279999,65.907257,1813300
2017-08-03,66.349998,66.540001,66.059998,66.529999,66.155861,1102800
2017-08-04,66.68,67.199997,66.519997,67.16999799999999,66.792259,1117700
2017-08-07,67.0,67.480003,66.720001,67.220001,66.841988,1466500
2017-08-08,66.970001,67.199997,66.849998,66.91999799999999,66.543663,1172700
2017-08-09,66.860001,66.980003,66.54499799999999,66.82,66.444221,949900
2017-08-10,66.550003,66.720001,65.510002,65.529999,65.16147600000001,1037700
2017-08-11,65.620003,66.08000200000001,65.400002,65.599998,65.231087,705300
2017-08-14,66.099998,66.379997,65.980003,66.25,65.877434,494600
2017-08-15,66.199997,66.379997,65.91999799999999,66.120003,65.748177,595500
2017-08-16,66.309998,66.629997,66.0,66.150002,65.777992,645200
2017-08-17,65.870003,66.047997,65.110001,65.160004,64.793571,545700
2017-08-18,64.949997,65.389999,64.68,65.029999,64.664284,963500
2017-08-21,65.0,65.519997,64.639999,65.41999799999999,65.052094,710600
2017-08-22,65.589996,66.0,65.589996,65.860001,65.48962399999999,777900
2017-08-23,65.639999,65.699997,64.980003,65.029999,64.733086,641200
2017-08-24,65.120003,65.339996,64.629997,64.879997,64.58377800000001,1167300
2017-08-25,65.050003,65.25,64.099998,64.690002,64.394646,1407800
2017-08-28,64.949997,65.059998,64.245003,64.489998,64.195564,697200
2017-08-29,64.260002,64.57,63.971001,64.459999,64.165688,1812800
2017-08-30,64.41999799999999,64.940002,64.349998,64.800003,64.50415,1586100
2017-08-31,64.849998,65.139999,64.690002,64.970001,64.673378,1293300
2017-09-01,65.25,65.400002,64.91999799999999,65.099998,64.802773,814200
2017-09-05,64.989998,65.739998,64.849998,65.089996,64.792816,1043000
2017-09-06,65.5,65.989998,64.643997,64.730003,64.434471,1907800
2017-09-07,64.940002,65.639999,64.620003,65.57,65.270622,816600
2017-09-08,65.529999,67.089996,65.480003,66.480003,66.17648299999999,1115100
2017-09-11,66.980003,67.610001,66.620003,67.519997,67.21172299999999,1462200
2017-09-12,67.610001,68.08000200000001,67.610001,67.870003,67.560135,845900
2017-09-13,67.730003,68.709999,67.529999,68.690002,68.37638100000001,1895200
2017-09-14,68.349998,69.199997,67.949997,69.190002,68.8741,1816100
2017-09-15,70.07,70.209999,69.050003,69.360001,69.043327,2711700
2017-09-18,69.489998,70.480003,69.32,70.309998,69.988991,1321600
2017-09-19,70.309998,70.529999,70.010002,70.08000200000001,69.76004,961900
2017-09-20,70.220001,70.660004,69.940002,70.16999799999999,69.84964000000001,2028300
2017-09-21,70.199997,70.410004,69.809998,69.93,69.610725,1067200
2017-09-22,69.860001,70.125,69.589996,70.029999,69.710266,2310300
2017-09-25,70.08000200000001,70.25,69.589996,70.029999,69.710266,982700
2017-09-26,70.040001,70.360001,69.800003,69.849998,69.53109,1183700
2017-09-27,69.849998,70.269997,69.68,70.209999,69.88945,906400
2017-09-28,69.970001,70.279999,69.699997,69.91999799999999,69.600769,1324500
2017-09-29,69.889999,71.07,69.75,70.790001,70.466797,1060900
2017-10-02,71.029999,71.550003,70.900002,71.550003,71.22333499999999,893800
2017-10-03,71.739998,71.910004,71.279999,71.480003,71.153648,905700
2017-10-04,71.43,71.940002,71.339996,71.910004,71.581696,1057600
2017-10-05,72.010002,72.010002,71.139999,71.57,71.24323299999999,1268900
2017-10-06,71.459999,71.879997,71.290001,71.550003,71.22333499999999,1050800
2017-10-09,71.760002,72.099998,71.480003,71.900002,71.571732,649100
2017-10-10,72.25,72.309998,71.400002,71.91999799999999,71.591637,976700
2017-10-11,72.059998,72.550003,71.849998,72.349998,72.019684,989000
2017-10-12,72.489998,73.010002,72.269997,72.889999,72.557213,978400
2017-10-13,73.18,73.209999,72.190002,72.349998,72.019684,721200
2017-10-16,72.440002,72.699997,71.900002,72.019997,71.691177,1097200
2017-10-17,72.08000200000001,72.279999,71.480003,71.489998,71.163597,1318200
2017-10-18,71.5,71.949997,71.379997,71.620003,71.293015,855800
2017-10-19,71.379997,71.584999,71.004997,71.099998,70.775375,1111600
2017-10-20,71.5,72.071999,71.260002,72.010002,71.681229,1564800
2017-10-23,72.010002,72.309998,71.440002,72.089996,71.760857,1030200
2017-10-24,72.309998,73.339996,72.309998,73.309998,72.97528100000001,1287800
2017-10-25,72.949997,73.370003,72.050003,72.470001,72.139122,1730700
2017-10-26,73.099998,73.760002,72.57,73.470001,73.134567,1765700
2017-10-27,72.199997,74.379997,70.010002,74.099998,73.761696,2011600
2017-10-30,73.75,73.889999,72.379997,72.459999,72.129173,1583400
2017-10-31,72.610001,72.769997,72.214996,72.260002,71.930099,1234900
2017-11-01,72.730003,73.07,72.25,72.860001,72.527336,1221700
2017-11-02,72.900002,73.495003,72.639999,73.309998,72.97528100000001,987200
2017-11-03,73.300003,73.980003,73.300003,73.639999,73.303787,1009800
2017-11-06,73.5,73.589996,72.760002,72.860001,72.527336,836600
2017-11-07,72.800003,73.470001,72.66999799999999,73.470001,73.134567,1072500
2017-11-08,73.209999,73.25,72.68,72.769997,72.437752,1130300
2017-11-09,72.449997,72.849998,72.100998,72.629997,72.298393,1015700
2017-11-10,72.279999,72.79499799999999,71.900002,72.650002,72.318314,1825200
2017-11-13,72.260002,72.699997,72.050003,72.599998,72.268539,833400
2017-11-14,72.230003,72.695,72.139999,72.66999799999999,72.338211,1224000
2017-11-15,72.589996,72.709999,71.66999799999999,71.849998,71.521957,1726000
2017-11-16,72.190002,72.93,72.029999,72.440002,72.109268,982700
2017-11-17,72.089996,72.709,71.75,72.25,71.920135,2945400
2017-11-20,72.379997,73.160004,72.25,72.809998,72.47758499999999,873300
2017-11-21,72.889999,73.160004,72.410004,72.449997,72.119225,1263600
2017-11-22,72.379997,72.529999,71.755997,72.0,71.740593,1932800
2017-11-24,72.07,72.400002,72.059998,72.129997,71.87011700000001,363000
2017-11-27,72.33000200000001,73.035004,72.214996,72.760002,72.497856,958900
2017-11-28,73.059998,73.83000200000001,72.589996,73.290001,73.02594,1304600
2017-11-29,73.379997,73.480003,72.66999799999999,73.41999799999999,73.155472,920000
2017-11-30,73.489998,74.75,73.43,74.650002,74.381035,1571000
2017-12-01,75.550003,75.690002,73.550003,74.58000200000001,74.311295,1322300
2017-12-04,75.07,75.540001,74.230003,74.230003,73.962563,1074800
2017-12-05,74.43,74.540001,72.879997,72.949997,72.687157,1140300
2017-12-06,72.989998,73.660004,72.684998,73.290001,73.02594,1119600
2017-12-07,73.550003,74.230003,73.199997,73.599998,73.334824,899100
2017-12-08,73.959999,74.239998,73.279999,73.690002,73.42450699999999,1000600
2017-12-11,73.83000200000001,73.989998,72.860001,73.010002,72.746948,960900
2017-12-12,72.949997,72.949997,72.260002,72.519997,72.258705,767100
2017-12-13,72.470001,73.029999,72.18,72.410004,72.149117,943400
2017-12-14,72.629997,72.790001,71.370003,71.400002,71.14275400000001,1094400
2017-12-15,71.83000200000001,72.32,71.709999,72.059998,71.80036899999999,2613500
2017-12-18,72.379997,73.120003,72.099998,72.730003,72.467957,1083700
2017-12-19,72.93,73.099998,72.010002,72.730003,72.467957,944200
2017-12-20,73.230003,73.440002,72.900002,72.989998,72.727028,767200
2017-12-21,73.269997,73.309998,72.620003,72.800003,72.537712,830800
2017-12-22,72.839996,72.839996,72.150002,72.470001,72.208893,981700
2017-12-26,72.690002,72.760002,72.239998,72.620003,72.35835300000001,417300
2017-12-27,72.529999,72.889999,72.230003,72.370003,72.10925300000001,780600
2017-12-28,72.5,72.660004,72.040001,72.5,72.238792,798100
2017-12-29,72.769997,73.0,72.349998,72.349998,72.089333,843000
2018-01-02,72.989998,73.18,71.834999,72.379997,72.119217,1088500
2018-01-03,72.239998,72.57,71.269997,72.41999799999999,72.159065,1566900
2018-01-04,72.720001,74.349998,72.43,74.25,73.982483,1528200
2018-01-05,74.41999799999999,74.610001,72.870003,73.400002,73.135544,2134300
2018-01-08,73.160004,73.5,73.059998,73.25,72.986092,1010400
2018-01-09,73.220001,74.470001,73.199997,73.779999,73.514175,1139100
2018-01-10,73.410004,73.83000200000001,72.529999,73.019997,72.756912,889100
2018-01-11,73.129997,73.809998,73.010002,73.709999,73.44442,1179500
2018-01-12,73.940002,74.779999,73.760002,74.470001,74.201683,1283200
2018-01-16,74.82,75.629997,73.720001,73.989998,73.72341899999999,1339400
2018-01-17,74.470001,75.239998,74.019997,74.739998,74.470711,1525100
2018-01-18,74.860001,75.239998,74.25,74.459999,74.19171899999999,864300
2018-01-19,74.629997,74.945,74.0,74.559998,74.291359,1811700
2018-01-22,74.550003,75.07,73.849998,74.199997,73.932671,1364800
2018-01-23,74.440002,75.25,73.779999,75.059998,74.789558,1591000
2018-01-24,75.480003,76.68,75.059998,75.360001,75.088486,1576800
2018-01-25,75.790001,75.894997,74.559998,74.809998,74.540459,1440600
2018-01-26,75.209999,76.589996,74.57,76.57,76.294128,2205200
2018-01-29,76.199997,76.66999799999999,76.0,76.379997,76.10481300000001,1625600
2018-01-30,75.900002,76.43,75.629997,76.029999,75.756073,1333500
2018-01-31,76.33000200000001,76.529999,75.620003,76.019997,75.746101,1287200
2018-02-01,75.519997,76.57,75.20500200000001,75.550003,75.277794,1440500
2018-02-02,75.339996,76.290001,75.0,75.349998,75.078514,1406300
2018-02-05,75.040001,75.415001,71.650002,71.660004,71.40181700000001,1982100
2018-02-06,70.33000200000001,72.589996,69.449997,72.110001,71.850197,2852900
2018-02-07,71.91999799999999,73.050003,71.68,71.690002,71.431709,2533300
2018-02-08,71.709999,72.300003,69.029999,69.139999,68.89089200000001,2367700
2018-02-09,75.809998,75.809998,69.510002,72.449997,72.18897199999999,4139700
2018-02-12,72.800003,74.980003,72.800003,74.300003,74.03231,3466900
2018-02-13,74.089996,74.75,73.800003,74.139999,73.872879,3148600
2018-02-14,73.75,74.41999799999999,73.474998,74.190002,73.92270699999999,1788700
2018-02-15,74.860001,75.089996,74.099998,75.08000200000001,74.809494,1765100
2018-02-16,75.08000200000001,75.980003,74.809998,75.650002,75.377441,2116600
2018-02-20,75.339996,76.209999,75.264999,75.849998,75.57672099999999,1647200
2018-02-21,76.110001,77.220001,75.989998,76.010002,75.736137,1269700
2018-02-22,76.339996,77.18,76.110001,76.68,76.474152,1058100
2018-02-23,77.150002,77.230003,76.432999,77.139999,76.93292199999999,1298100
2018-02-26,77.290001,78.129997,76.974998,77.959999,77.75071,1461500
2018-02-27,78.08000200000001,78.83000200000001,77.739998,77.760002,77.551254,1013200
2018-02-28,78.040001,78.260002,76.790001,76.800003,76.593834,1799300
2018-03-01,77.059998,77.129997,74.220001,74.699997,74.499466,1623200
2018-03-02,74.010002,74.480003,73.290001,73.989998,73.791374,1936200
2018-03-05,73.529999,74.610001,73.110001,74.260002,74.060654,1280300
2018-03-06,74.66999799999999,75.489998,74.110001,75.120003,74.91835,1404400
2018-03-07,74.900002,78.089996,73.410004,77.959999,77.75071,2932600
2018-03-08,78.230003,78.459999,77.379997,78.360001,78.149651,2252900
2018-03-09,78.82,80.309998,78.129997,80.269997,80.05452,2108300
2018-03-12,80.199997,80.214996,77.989998,78.529999,78.319191,1216300
2018-03-13,78.739998,79.214996,77.809998,77.989998,77.78064,1618900
2018-03-14,78.449997,78.900002,77.41999799999999,77.610001,77.401657,1180200
2018-03-15,77.769997,78.41999799999999,77.220001,78.099998,77.890335,724800
2018-03-16,78.019997,78.43,77.610001,78.230003,78.019997,2018000
2018-03-19,78.190002,78.190002,77.010002,77.779999,77.571198,937000
2018-03-20,78.099998,78.480003,77.779999,78.160004,77.950188,1295000
2018-03-21,78.209999,79.202003,77.529999,78.349998,78.13967099999999,1149000
2018-03-22,77.559998,78.230003,76.519997,76.690002,76.484131,1542300
2018-03-23,76.75,77.68,75.970001,76.019997,75.815926,2109000
2018-03-26,77.309998,78.190002,76.644997,78.089996,77.880371,1729900
2018-03-27,78.120003,78.470001,76.470001,76.800003,76.593834,1570600
2018-03-28,76.989998,77.099998,75.779999,76.650002,76.444244,1813600
2018-03-29,77.019997,77.959999,76.599998,77.519997,77.311897,1374900
2018-04-02,77.190002,77.393997,74.559998,75.440002,75.237488,1681700
2018-04-03,75.66999799999999,76.349998,74.839996,76.300003,76.095184,1604700
2018-04-04,75.010002,76.66999799999999,74.400002,76.629997,76.424286,1794600
2018-04-05,77.33000200000001,78.08000200000001,76.879997,77.41999799999999,77.212166,1310800
2018-04-06,76.690002,77.010002,73.879997,74.720001,74.519424,1619100
2018-04-09,74.940002,75.58000200000001,73.940002,74.110001,73.911057,2083500
2018-04-10,75.139999,75.970001,74.970001,75.800003,75.59652700000001,1590600
2018-04-11,75.129997,75.370003,74.360001,74.449997,74.250137,1128100
2018-04-12,75.0,75.379997,74.629997,74.75,74.54933199999999,1329300
2018-04-13,75.360001,75.824997,74.160004,74.699997,74.499466,2477000
2018-04-16,75.400002,75.58000200000001,74.889999,75.260002,75.057976,1432100
2018-04-17,75.809998,77.555,75.709999,76.730003,76.524025,2105600
2018-04-18,77.230003,77.790001,76.665001,77.139999,76.93292199999999,954700
2018-04-19,77.120003,77.449997,76.360001,76.769997,76.563911,1087300
2018-04-20,76.949997,77.089996,76.16999799999999,76.739998,76.533997,1323400
2018-04-23,76.949997,77.0,76.08000200000001,76.300003,76.095184,1133500
2018-04-24,76.66999799999999,76.929001,72.260002,73.050003,72.85390500000001,1818500
2018-04-25,72.82,73.106003,71.989998,72.199997,72.00618,1756400
2018-04-26,72.449997,72.714996,71.699997,72.269997,72.075989,2671100
2018-04-27,71.650002,71.824997,69.08000200000001,71.309998,71.11856800000001,3691800
2018-04-30,71.650002,71.910004,70.309998,70.309998,70.121246,1668700
2018-05-01,70.33000200000001,72.059998,69.860001,72.040001,71.846611,1975700
2018-05-02,72.0,72.360001,71.20500200000001,71.519997,71.32800300000001,1990000
2018-05-03,70.889999,72.739998,70.589996,72.510002,72.315353,1898000
2018-05-04,71.989998,73.389999,71.779999,73.290001,73.093262,1253400
2018-05-07,73.389999,73.900002,73.160004,73.540001,73.34258299999999,1316400
2018-05-08,73.540001,74.269997,73.349998,74.25,74.050674,1129200
2018-05-09,74.260002,75.309998,74.0,75.220001,75.01808199999999,1251200
2018-05-10,75.489998,75.639999,75.110001,75.540001,75.33721899999999,919600
2018-05-11,75.620003,75.970001,75.199997,75.620003,75.417007,1009400
2018-05-14,75.75,76.720001,75.709999,76.300003,76.095184,1753100
2018-05-15,76.019997,76.269997,75.510002,76.25,76.045311,1144100
2018-05-16,76.160004,76.910004,76.129997,76.779999,76.573883,987500
2018-05-17,76.720001,77.489998,76.400002,77.349998,77.14235699999999,1246800
2018-05-18,77.339996,77.959999,77.029999,77.870003,77.660957,2049300
2018-05-21,78.139999,78.614998,77.300003,77.610001,77.401657,1185300
2018-05-22,77.610001,77.75,76.089996,76.110001,75.905693,1555000
2018-05-23,75.739998,76.290001,75.209999,76.18,75.975494,1222200
2018-05-24,75.720001,76.529999,75.510002,76.160004,76.025414,1459500
2018-05-25,76.019997,76.449997,74.989998,75.510002,75.37655600000001,817600
2018-05-29,74.91999799999999,75.209999,73.519997,74.019997,73.889191,1511100
2018-05-30,74.029999,74.66999799999999,73.860001,74.190002,74.058891,1310600
2018-05-31,74.139999,74.158997,72.489998,72.690002,72.561539,2277000
2018-06-01,73.41999799999999,74.269997,73.029999,73.809998,73.679558,1183300
2018-06-04,74.230003,74.800003,73.68,74.25,74.118782,1600300
2018-06-05,74.470001,74.730003,74.010002,74.300003,74.16869399999999,856700
2018-06-06,74.459999,74.959999,74.129997,74.959999,74.82753000000001,1345700
2018-06-07,77.32,78.16999799999999,76.970001,77.980003,77.84219399999999,2649400
2018-06-08,77.959999,78.400002,77.529999,78.199997,78.061798,1447800
2018-06-11,78.199997,78.550003,77.940002,78.370003,78.23150600000001,1100400
2018-06-12,78.379997,78.66999799999999,77.940002,78.290001,78.15164200000001,1080800
2018-06-13,78.440002,78.970001,78.050003,78.089996,77.951996,1153700
2018-06-14,78.300003,80.449997,78.300003,80.129997,79.988388,2548400
2018-06-15,79.650002,81.510002,79.360001,81.07,80.926735,3365100
2018-06-18,80.379997,80.650002,79.440002,80.370003,80.227974,1939000
2018-06-19,79.489998,79.589996,78.33000200000001,79.010002,78.870377,1870800
2018-06-20,79.099998,79.209999,78.389999,78.800003,78.660751,1123100
2018-06-21,78.510002,78.800003,77.470001,78.099998,77.961975,1268100
2018-06-22,78.83000200000001,78.849998,77.769997,77.839996,77.702438,2094100
2018-06-25,77.43,77.849998,76.760002,77.629997,77.492813,1902100
2018-06-26,77.25,77.25,75.129997,75.199997,75.067101,6011400
2018-06-27,75.5,76.014999,74.730003,74.790001,74.657829,5353700
2018-06-28,75.07,76.160004,74.199997,75.800003,75.666054,3478300
2018-06-29,76.220001,77.610001,76.220001,77.110001,76.973724,3437000
2018-07-02,76.510002,76.790001,75.66999799999999,76.760002,76.624352,1477100
2018-07-03,77.110001,77.779999,76.449997,76.540001,76.404739,797300
2018-07-05,77.040001,77.309998,76.599998,77.139999,77.003677,1343600
2018-07-06,77.199997,77.66999799999999,76.849998,77.220001,77.083534,920400
2018-07-09,77.150002,78.099998,77.120003,77.900002,77.762337,1723300
2018-07-10,77.790001,78.059998,76.639999,77.059998,76.92381999999999,1227900
2018-07-11,76.809998,77.059998,76.199997,76.239998,76.105263,1286500
2018-07-12,76.589996,77.199997,76.129997,76.949997,76.814011,1589000
2018-07-13,77.059998,77.400002,76.790001,77.220001,77.083534,1003100
2018-07-16,77.029999,77.08000200000001,76.220001,76.459999,76.324875,1069600
2018-07-17,76.57,77.68,76.400002,77.57,77.43291500000001,963500
2018-07-18,78.0,78.0,77.260002,77.519997,77.383003,1381700
2018-07-19,77.489998,77.849998,76.870003,77.620003,77.482834,1307500
2018-07-20,77.120003,78.199997,76.959999,77.639999,77.502792,1872600
2018-07-23,77.43,77.559998,76.120003,76.18,76.045372,1443200
2018-07-24,76.5,77.459999,76.5,77.410004,77.273209,2075400
2018-07-25,77.489998,79.089996,77.25,79.029999,78.890343,2122100
2018-07-26,79.5,81.309998,78.75,81.209999,81.06648299999999,2990400
2018-07-27,80.75,80.970001,78.760002,79.809998,79.668953,2233300
2018-07-30,80.0,81.660004,79.514999,79.75,79.609062,2577600
2018-07-31,80.529999,82.25,80.150002,82.08000200000001,81.93494399999999,2756900
2018-08-01,82.279999,82.629997,80.879997,80.940002,80.79696700000001,2233300
2018-08-02,80.5,81.139999,79.980003,80.93,80.78698,1486400
2018-08-03,80.5,81.480003,80.5,81.209999,81.06648299999999,1010500
2018-08-06,81.08000200000001,81.25,80.809998,80.959999,80.816925,1286100
2018-08-07,81.16999799999999,81.639999,81.0,81.279999,81.13636,832800
2018-08-08,81.16999799999999,81.279999,80.370003,80.779999,80.637238,893400
2018-08-09,80.720001,81.050003,80.199997,80.239998,80.098198,746500
2018-08-10,80.040001,80.230003,79.43,79.699997,79.559151,1980300
2018-08-13,79.610001,80.410004,79.010002,79.309998,79.169838,1494500
2018-08-14,79.18,79.97399899999999,79.012001,79.559998,79.419403,1089100
2018-08-15,79.379997,79.809998,78.809998,79.690002,79.549171,1307800
2018-08-16,80.160004,81.019997,79.93,80.339996,80.198013,1277300
2018-08-17,80.58000200000001,80.58000200000001,80.16999799999999,80.25,80.108177,2439400
2018-08-20,80.589996,80.989998,80.220001,80.599998,80.45755799999999,1815400
2018-08-21,80.660004,80.790001,80.099998,80.389999,80.24793199999999,1625400
2018-08-22,80.389999,80.389999,79.730003,79.91999799999999,79.778763,1029700
2018-08-23,80.059998,80.139999,79.620003,80.019997,79.878578,1317600
2018-08-24,80.220001,80.269997,79.900002,80.129997,79.988388,678000
2018-08-27,80.529999,81.790001,80.529999,81.68,81.535652,2082800
2018-08-28,82.0,82.389999,81.709999,82.07,81.924965,3927600
2018-08-29,82.199997,84.209999,82.010002,83.879997,83.73176600000001,4702000
2018-08-30,84.0,85.120003,83.489998,83.739998,83.661827,3470100
2018-08-31,83.540001,84.459999,83.5,83.980003,83.901611,3626500
2018-09-04,83.5,83.800003,82.504997,83.459999,83.38209499999999,4994200
2018-09-05,83.160004,84.760002,83.029999,84.339996,84.261269,6595500
2018-09-06,84.360001,84.699997,83.730003,84.160004,84.08144399999999,4013900
2018-09-07,84.040001,84.980003,83.66999799999999,84.589996,84.511032,3740100
2018-09-10,85.0,85.269997,84.519997,84.690002,84.610947,5034200
2018-09-11,84.779999,85.120003,84.370003,85.019997,84.940636,6983800
2018-09-12,85.08000200000001,85.620003,84.66999799999999,85.309998,85.230362,6033800
2018-09-13,85.839996,86.739998,85.599998,86.5,86.419258,5916900
2018-09-14,86.370003,87.639999,86.300003,86.980003,86.898811,11724300
2018-09-17,87.0,87.720001,86.639999,87.120003,87.03868100000001,13341000
2018-09-18,87.120003,87.860001,86.300003,87.379997,87.29843100000001,13247400
2018-09-19,87.57,87.779999,85.589996,85.989998,85.909729,15628200
2018-09-20,86.739998,87.760002,86.239998,87.370003,87.288445,16821600
2018-09-21,87.949997,88.339996,86.75,86.980003,86.898811,39671800
2018-09-24,86.790001,87.33000200000001,86.110001,86.33000200000001,86.249413,17764100
2018-09-25,86.470001,86.900002,85.529999,86.0,85.919724,15940900
2018-09-26,85.83000200000001,86.629997,84.5,85.029999,84.950623,36147700
2018-09-27,85.309998,85.510002,84.400002,84.639999,84.560989,3841900
2018-09-28,84.660004,84.699997,83.68,84.199997,84.121399,5018100
2018-10-01,84.720001,84.989998,84.139999,84.43,84.351189,18123300
2018-10-02,84.33000200000001,84.33000200000001,83.599998,83.620003,83.541946,25991800
2018-10-03,84.209999,84.43,83.620003,83.739998,83.661827,5831600
2018-10-04,83.730003,84.300003,83.389999,83.949997,83.871635,6543900
2018-10-05,83.809998,84.410004,83.059998,83.980003,83.901611,5873800
2018-10-08,83.690002,84.220001,83.154999,83.650002,83.571915,4388100
2018-10-09,83.260002,83.269997,82.129997,82.199997,82.12326800000001,5700700
2018-10-10,81.839996,82.110001,80.220001,80.220001,80.145119,5049300
2018-10-11,80.029999,80.43,78.41999799999999,78.58000200000001,78.506653,5227500
2018-10-12,79.83000200000001,80.08000200000001,78.190002,79.199997,79.126068,2263900
2018-10-15,78.980003,79.599998,78.199997,78.940002,78.866318,1949000
2018-10-16,79.540001,80.07,79.0,79.779999,79.705528,2516400
2018-10-17,79.66999799999999,80.309998,79.029999,80.220001,80.145119,2620800
2018-10-18,79.91999799999999,80.849998,79.739998,80.029999,79.955292,2618000
2018-10-19,80.050003,80.900002,79.349998,79.790001,79.715523,3728900
2018-10-22,80.07,80.175003,77.650002,77.690002,77.617485,3557600
2018-10-23,76.33000200000001,77.245003,75.529999,77.050003,76.978081,2836000
2018-10-24,77.209999,77.370003,74.0,74.08000200000001,74.010849,2804400
2018-10-25,74.519997,76.695,74.510002,76.33000200000001,76.258751,4050500
2018-10-26,73.220001,75.489998,69.160004,73.059998,72.991798,10320200
2018-10-29,73.849998,74.209999,71.559998,72.199997,72.132599,5514500
2018-10-30,72.199997,72.599998,70.800003,71.68,71.613091,5129500
2018-10-31,72.620003,75.139999,72.489998,74.25,74.180687,3466400
2018-11-01,74.540001,75.160004,73.720001,74.809998,74.740166,2094900
2018-11-02,75.559998,76.279999,74.5,74.860001,74.790123,1791400
2018-11-05,74.980003,75.370003,74.099998,75.099998,75.029892,1436300
2018-11-06,75.089996,76.089996,74.040001,75.879997,75.809166,1274900
2018-11-07,76.610001,76.610001,75.449997,76.129997,76.058929,1394900
2018-11-08,76.110001,77.790001,75.82,76.889999,76.81822199999999,1735800
2018-11-09,76.470001,76.66999799999999,74.860001,75.220001,75.149788,1468700
2018-11-12,75.190002,75.58000200000001,74.605003,74.959999,74.89003000000001,1523400
2018-11-13,74.889999,76.91999799999999,74.889999,75.209999,75.13979300000001,2033400
2018-11-14,75.370003,75.870003,73.389999,73.599998,73.531296,2338300
2018-11-15,73.18,75.809998,72.739998,75.730003,75.659309,2344400
2018-11-16,75.260002,76.379997,75.125,75.449997,75.37957,1918800
2018-11-19,75.510002,75.57,73.41999799999999,73.760002,73.691147,1381500
2018-11-20,73.07,73.57,72.300003,72.589996,72.52224,1400900
2018-11-21,73.139999,74.309998,72.870003,73.860001,73.791054,1378900
2018-11-23,73.120003,73.529999,72.739998,72.800003,72.73204799999999,907100
2018-11-26,73.470001,74.0,72.349998,73.199997,73.131668,2016200
2018-11-27,72.739998,73.949997,71.900002,73.760002,73.691147,1945700
2018-11-28,74.0,75.019997,72.660004,74.989998,74.91999799999999,1772500
2018-11-29,74.839996,75.014999,73.41999799999999,74.129997,74.129997,1980100
2018-11-30,73.980003,76.449997,73.83000200000001,76.07,76.07,3020100
2018-12-03,77.089996,77.519997,75.529999,75.959999,75.959999,2061300
2018-12-04,75.949997,76.120003,72.690002,72.849998,72.849998,3309800
2018-12-06,71.720001,72.300003,70.449997,72.139999,72.139999,2980600
2018-12-07,72.16999799999999,72.75,69.559998,69.940002,69.940002,2329700
2018-12-10,69.720001,71.0,69.209999,70.720001,70.720001,2044200
2018-12-11,71.760002,72.08000200000001,69.720001,70.059998,70.059998,1299700
2018-12-12,71.16999799999999,72.300003,70.720001,70.769997,70.769997,1398300
2018-12-13,70.970001,71.199997,69.75,69.949997,69.949997,1575200
2018-12-14,69.389999,70.029999,68.559998,68.860001,68.860001,1531900
2018-12-17,68.379997,69.129997,67.449997,67.949997,67.949997,3170200
2018-12-18,68.75,68.75,67.32,68.099998,68.099998,2502000
2018-12-19,68.0,68.980003,66.209999,66.58000200000001,66.58000200000001,1990900
2018-12-20,65.949997,66.589996,63.700001,65.160004,65.160004,2955100
2018-12-21,65.160004,66.620003,64.5,65.5,65.5,6031400
2018-12-24,64.83000200000001,64.959999,62.970001,63.639998999999996,63.639998999999996,1527800
2018-12-26,63.84,65.760002,62.889998999999996,65.699997,65.699997,1574800
2018-12-27,64.900002,66.889999,64.360001,66.889999,66.889999,1288400
2018-12-28,67.190002,67.480003,65.800003,66.699997,66.699997,1450400
