Date,Open,High,Low,Close,Adj Close,Volume
2013-12-12,43.7076,44.979839,43.605,44.118,42.983959000000006,12935400
2013-12-13,45.123482,45.923759000000004,44.2206,45.349201,44.183514,1224800
2013-12-16,47.360161,52.839001,44.159039,44.159039,43.023945,4717600
2013-12-17,44.343719,45.123482,44.282162,44.75412,43.603729,2313800
2013-12-18,44.795158,45.513359,44.44632,44.795158,43.643723,2857800
2013-12-19,44.631001,45.985321,44.2206,45.718559,44.543377,1469100
2013-12-20,46.169998,46.272597999999995,44.85672,45.000359,43.843647,994800
2013-12-23,45.16452,45.533878,44.241119,44.241119,43.103916,1220700
2013-12-24,44.3232,44.466839,43.399799,44.138519,43.003952000000005,1234000
2013-12-26,44.241119,45.06192,44.2206,44.5284,43.383812,1309200
2013-12-27,44.3232,44.815681,44.2206,44.3232,43.183884,1090300
2013-12-30,44.569439,45.082439,44.3232,44.918282,43.763676000000004,871800
2013-12-31,45.144001,46.10844,45.041401,45.657001,44.483406,1134300
2014-01-02,45.657001,45.862202,44.672039,44.85672,43.703693,1763700
2014-01-03,44.733601,45.328678000000004,44.631001,45.16452,44.003586,461200
2014-01-06,45.123482,45.390240000000006,44.65152,45.144001,43.983593,1172300
2014-01-07,45.144001,45.349201,44.938801,45.144001,43.983593,1992500
2014-01-08,45.205559,45.205559,44.733601,45.205559,44.043568,1154200
2014-01-09,45.144001,45.18504,44.54892,44.877239,43.723682000000004,459600
2014-01-10,44.65152,44.85672,44.261639,44.507881,43.363827,812300
2014-01-13,44.241119,44.795158,44.241119,44.569439,43.423805,728200
2014-01-14,44.54892,45.36972,44.405281,45.349201,44.183514,1251600
2014-01-15,45.246601,45.49284,44.795158,44.95932,43.803653999999995,915200
2014-01-16,44.938801,45.205559,44.507881,45.06192,43.903625,1130000
2014-01-17,45.06192,46.293121,44.733601,45.657001,44.483406,2702200
2014-01-21,46.190521000000004,46.354679,44.815681,44.979839,43.823654,1280200
2014-01-22,45.123482,46.149479,44.938801,46.087921,44.903252,1428600
2014-01-23,46.02636,46.498321999999995,45.349201,46.498321999999995,45.303101,936000
2014-01-24,45.862202,46.12896,45.328678000000004,46.067402,44.883259,891000
2014-01-27,46.067402,46.067402,44.918282,45.123482,43.9636,1099600
2014-01-28,44.815681,45.144001,44.631001,44.938801,43.783665,686200
2014-01-29,44.75412,44.897758,44.241119,44.44632,43.303847999999995,437800
2014-01-30,44.65152,44.774639,44.3232,44.44632,43.303847999999995,520200
2014-01-31,44.138519,44.507881,43.78968,44.4258,43.283854999999996,428600
2014-02-03,44.4258,44.5284,42.76368,42.989399,41.884373,1115000
2014-02-04,43.091999,43.256161,42.76368,43.153560999999996,42.044315000000005,835700
2014-02-05,42.784199,43.009918,42.168597999999996,42.681599,41.58448,694700
2014-02-06,42.76368,43.502399,42.722640999999996,43.502399,42.384178000000006,294100
2014-02-07,43.625519,44.877239,43.543442,44.4258,43.283854999999996,513000
2014-02-10,44.466839,44.507881,43.7076,43.933319,42.804035,562400
2014-02-11,44.589958,44.672039,44.035919,44.507881,43.363827,642400
2014-02-12,44.610481,45.041401,44.364239000000005,44.918282,43.763676000000004,436600
2014-02-13,44.692558,45.18504,44.4258,45.041401,43.883629,551600
2014-02-14,45.144001,45.246601,44.85672,45.144001,43.983593,647800
2014-02-18,45.144001,45.144001,44.589958,44.65152,43.503772999999995,616100
2014-02-19,44.65152,45.041401,44.118,44.179562,43.043941,441000
2014-02-20,44.118,44.466839,43.728119,44.097481,42.963974,602000
2014-02-21,44.118,45.533878,44.056438,45.451801,44.283474,1166000
2014-02-24,45.574921,46.169998,45.226082,45.677521,44.503399,743100
2014-02-25,45.657001,46.33416,45.574921,45.903240000000004,44.72332,823100
2014-02-26,45.985321,46.539359999999995,45.759602,46.252078999999995,45.063190000000006,1072000
2014-02-27,45.985321,46.908718,44.733601,46.149479,44.963229999999996,2187800
2014-02-28,46.169998,46.33416,45.308159,45.882721000000004,44.70332,970500
2014-03-03,45.59544,46.169998,45.36972,46.149479,44.963229999999996,676700
2014-03-04,47.011318,47.401199,46.087921,46.293121,45.103176,2307000
2014-03-05,46.10844,46.970279999999995,46.067402,46.724041,45.523022,668700
2014-03-06,46.724041,46.908718,45.964802,46.12896,44.943241,682400
2014-03-07,46.067402,46.847159999999995,45.964802,46.600922,45.403061,642300
2014-03-10,46.703522,46.888199,45.615959000000004,45.923759000000004,44.743305,922000
2014-03-11,45.944278999999995,46.087921,45.144001,45.36972,44.203506,835400
2014-03-12,45.226082,45.964802,44.672039,45.862202,44.683327,788600
2014-03-13,45.615959000000004,46.02636,45.06192,45.246601,44.083553,992600
2014-03-14,45.06192,45.677521,44.877239,45.205559,44.043568,609000
2014-03-17,45.36972,45.944278999999995,45.328678000000004,45.390240000000006,44.223503,369200
2014-03-18,45.349201,46.354679,45.26712,46.313641,45.123165,677700
2014-03-19,46.211040000000004,46.231559999999995,45.472321,45.677521,44.503399,733300
2014-03-20,45.657001,46.00584,45.36972,45.49284,44.323463000000004,652700
2014-03-21,45.69804,47.17548,45.451801,47.17548,45.962852000000005,3026700
2014-03-24,47.07288,47.38068,46.087921,46.703522,45.503029,966000
2014-03-25,46.74456,46.990798999999996,46.12896,46.12896,44.943241,781700
2014-03-26,46.169998,46.313641,45.739079,45.841679,44.663334000000006,781900
2014-03-27,45.780121,46.211040000000004,45.49284,45.615959000000004,44.443424,670500
2014-03-28,45.49284,45.923759000000004,45.041401,45.657001,44.483406,2073000
2014-03-31,45.841679,46.02636,45.144001,45.636478000000004,44.463413,4896900
2014-04-01,45.59544,46.580399,45.574921,46.272597999999995,45.083187,1052500
2014-04-02,46.169998,46.559878999999995,46.067402,46.10844,44.923237,1061500
2014-04-03,46.169998,46.33416,45.18504,45.18504,44.023575,959300
2014-04-04,45.205559,45.246601,44.241119,44.302681,43.163897999999996,2767300
2014-04-07,44.3232,44.384762,43.625519,43.851238,42.724056,694200
2014-04-08,43.8102,43.9128,43.37928,43.830719,42.704071,686100
2014-04-09,43.974361,44.4258,43.871761,44.138519,43.003952000000005,864800
2014-04-10,44.056438,44.261639,43.17408,43.461361,42.344204,527900
2014-04-11,43.297199,43.871761,43.009918,43.605,42.48415,760100
2014-04-14,43.68708,44.343719,43.317719,43.8102,42.684078,515300
2014-04-15,44.138519,44.138519,43.091999,43.871761,42.744057,484900
2014-04-16,43.646042,44.364239000000005,43.563961,44.3232,43.183884,523900
2014-04-17,44.200081,44.85672,43.7076,44.672039,43.523758,805100
2014-04-21,44.569439,44.569439,43.851238,44.035919,42.903999,498100
2014-04-22,44.0154,44.569439,43.974361,44.138519,43.003952000000005,511700
2014-04-23,44.076962,44.4258,43.830719,44.097481,42.963974,469800
2014-04-24,44.241119,44.466839,44.035919,44.118,42.983959000000006,302300
2014-04-25,44.118,44.159039,43.58448,43.769161,42.6441,204900
2014-04-28,43.78968,43.974361,43.194599,43.851238,42.724056,625600
2014-04-29,44.364239000000005,44.487358,43.030440999999996,43.27668,42.164272,1292800
2014-04-30,43.522919,44.836201,43.399799,44.795158,43.643723,920900
2014-05-01,44.713081,45.410759000000006,44.0154,45.308159,44.143528,700500
2014-05-02,45.308159,46.518840999999995,45.226082,45.246601,44.083553,991000
2014-05-05,45.020882,45.533878,44.774639,45.472321,44.303478000000005,410800
2014-05-06,45.349201,45.718559,44.938801,45.472321,44.303478000000005,683100
2014-05-07,46.785599,47.154961,45.36972,46.498321999999995,45.303101,1038000
2014-05-08,46.703522,46.908718,46.293121,46.457279,45.263107,1212800
2014-05-09,48.693958,48.837601,46.74456,47.339642,46.122795,3461100
2014-05-12,48.1194,48.3246,46.518840999999995,47.154961,45.942852,1586700
2014-05-13,47.401199,47.647442,46.970279999999995,47.195999,45.982849,1098500
2014-05-14,47.195999,47.319117999999996,45.739079,46.272597999999995,45.083187,1191700
2014-05-15,46.375198,46.375198,44.44632,44.938801,43.783665,1821300
2014-05-16,45.144001,45.26712,43.994881,44.877239,43.723682000000004,1228800
2014-05-19,44.938801,45.16452,44.569439,44.95932,43.803653999999995,970400
2014-05-20,45.000359,45.123482,43.851238,43.933319,42.804035,1359200
2014-05-21,44.118,45.144001,44.0154,44.836201,43.683708,1872800
2014-05-22,44.815681,45.246601,44.815681,45.123482,43.9636,1002300
2014-05-23,45.69804,45.841679,45.16452,45.246601,44.083553,527700
2014-05-27,45.513359,45.821159,45.041401,45.636478000000004,44.463413,1164800
2014-05-28,45.80064,46.231559999999995,45.144001,45.16452,44.003586,1054100
2014-05-29,45.26712,45.554401,44.897758,45.513359,44.343452,732900
2014-05-30,45.410759000000006,46.477798,45.410759000000006,46.416241,45.223133000000004,1272500
2014-06-02,46.416241,46.86768,45.964802,46.74456,45.542999,1202400
2014-06-03,46.539359999999995,47.011318,46.046879,46.600922,45.403061,1484600
2014-06-04,46.43676,47.093399,46.354679,46.724041,45.523022,665600
2014-06-05,46.724041,47.298598999999996,46.375198,47.237041,46.022835,878900
2014-06-06,47.237041,47.934719,46.621441,47.770561,46.542633,1235300
2014-06-09,47.770561,48.1194,47.07288,47.79108,46.56263,1235200
2014-06-10,47.524319,48.570839,47.524319,48.078362,46.842525,1351800
2014-06-11,47.17548,47.339642,46.477798,46.806121999999995,45.602989,3671100
2014-06-12,46.354679,46.847159999999995,46.00584,46.12896,44.943241,1815800
2014-06-13,46.067402,46.272597999999995,45.49284,45.739079,44.563377,2073700
2014-06-16,45.759602,46.682999,45.16452,45.574921,44.403434999999995,2613700
2014-06-17,45.554401,46.252078999999995,45.554401,45.841679,44.663334000000006,1243700
2014-06-18,45.759602,46.087921,45.615959000000004,45.862202,44.683327,1400300
2014-06-19,45.923759000000004,46.33416,45.759602,45.821159,44.643345000000004,1299200
2014-06-20,46.087921,46.087921,45.677521,45.677521,44.503399,1644700
2014-06-23,45.903240000000004,46.169998,45.574921,45.841679,44.663334000000006,1575300
2014-06-24,45.841679,46.990798999999996,45.780121,46.169998,44.983222999999995,5474100
2014-06-25,46.990798999999996,47.770561,46.74456,47.113918,45.902874,27335200
2014-06-26,47.052361,47.237041,46.765079,46.908718,45.702946000000004,7572900
2014-06-27,46.990798999999996,47.401199,46.580399,46.806121999999995,45.602989,6862700
2014-06-30,46.785599,47.873160999999996,46.64196,47.8116,46.582626,3204700
2014-07-01,47.79108,48.673439,47.68848,48.488762,47.242378,5010100
2014-07-02,48.222,49.063320000000004,48.057838000000004,48.96072,47.702197999999996,3300600
2014-07-03,48.96072,50.889599,48.96072,50.889599,49.581505,5482100
2014-07-07,50.479198,50.704921999999996,50.068802000000005,50.273998,48.981724,3754300
2014-07-08,50.068802000000005,50.089321000000005,49.227482,49.637878,48.361954,2931200
2014-07-09,49.863602,50.828041,49.576321,50.725441,49.421558000000005,2832700
2014-07-10,49.843078999999996,50.725441,49.802040000000005,50.315041,49.021716999999995,1868600
2014-07-11,49.26852,50.315041,49.26852,49.90464,48.621868,1384400
2014-07-14,50.397121000000006,50.97168,50.068802000000005,50.191921,48.901768,2394700
2014-07-15,50.171397999999996,50.725441,50.089321000000005,50.417640999999996,49.121677000000005,1918100
2014-07-16,50.499722,50.684399,49.945679,50.438159999999996,49.14167,1315700
2014-07-17,50.130359999999996,50.684399,49.248001,49.39164,48.122046999999995,3192100
2014-07-18,49.740479,50.417640999999996,49.535278000000005,50.376598,49.081688,1820500
2014-07-21,50.171397999999996,51.156361,50.171397999999996,50.951159999999994,49.641476000000004,2381900
2014-07-22,51.07428,51.833519,50.786999,51.566761,50.241257,2022900
2014-07-23,51.423119,52.510681000000005,51.38208,52.346519,51.000972999999995,3073200
2014-07-24,52.326,52.982639,51.79248,51.895081,50.561142,3345800
2014-07-25,51.68988,52.408081,51.443642,51.874561,50.541145,920200
2014-07-28,51.874561,52.305481,51.48468,51.79248,50.461174,1143400
2014-07-29,52.0182,52.079762,51.156361,51.258961,49.941368,1686500
2014-07-30,51.6078,51.956638,50.150878999999996,50.643359999999994,49.341590999999994,3035000
2014-07-31,50.109840000000005,50.458679,49.26852,49.678921,48.401951000000004,2718300
2014-08-01,50.273998,50.376598,47.503799,49.843078999999996,48.561886,4673200
2014-08-04,49.884121,50.02776,49.124882,49.617359,48.341965,1665300
2014-08-05,49.494240000000005,49.658401,48.222,48.673439,47.422306,2776900
2014-08-06,48.242519,48.406681,47.6064,48.1194,46.882515000000005,2932300
2014-08-07,48.488762,49.186440000000005,48.406681,48.591358,47.342335,2239200
2014-08-08,48.673439,49.001759,48.057838000000004,48.65292,47.402313,1580700
2014-08-11,49.145401,49.781521000000005,48.940201,49.37112,48.102047,809400
2014-08-12,49.186440000000005,49.617359,48.940201,49.473721000000005,48.202015,689500
2014-08-13,49.678921,50.438159999999996,49.39164,50.253479,48.961739,1191000
2014-08-14,50.397121000000006,50.766479,50.253479,50.74596,49.441555,924200
2014-08-15,51.033241,51.197399,50.048279,50.622840999999994,49.321602,1224700
2014-08-18,51.094799,51.320518,50.622840999999994,51.27948,49.961357,1073000
2014-08-19,51.320518,51.813,51.115318,51.525719,50.201271000000006,1098800
2014-08-20,51.320518,52.264439,51.17688,52.202881,50.861027,1634300
2014-08-21,52.1208,52.61328100000001,52.059238,52.408081,51.060951,1219900
2014-08-22,52.326,52.839001,52.284962,52.61328100000001,51.26088,946900
2014-08-25,52.633801,52.777439,52.182362,52.777439,51.420811,1304100
2014-08-26,52.736401,52.921082,52.387562,52.633801,51.280876,961800
2014-08-27,52.674839,53.18784,52.61328100000001,52.859519999999996,51.500786,1292900
2014-08-28,52.551719999999996,52.859519999999996,52.202881,52.65432,51.300858000000005,1369000
2014-08-29,52.65432,52.756919999999994,51.7104,51.956638,50.621124,5281400
2014-09-02,52.367039,52.982639,51.6078,52.243919,50.901012,1346300
2014-09-03,52.44911999999999,52.61328100000001,51.751438,51.874561,50.541145,2212400
2014-09-04,52.079762,52.695358,51.464161,51.997681,50.661102,1593400
2014-09-05,52.038719,53.146801,51.6078,52.859519999999996,51.500786,1606000
2014-09-08,52.674839,52.921082,52.469639,52.695358,51.340851,582300
2014-09-09,52.5312,52.900558,52.1208,52.346519,51.000972999999995,1520600
2014-09-10,52.4286,52.469639,51.751438,51.874561,50.541145,1757500
2014-09-11,50.889599,51.7104,50.602321999999994,50.97168,49.661476,3296200
2014-09-12,50.84856,50.992199,49.761002000000005,50.068802000000005,48.781807,2576400
2014-09-15,50.068802000000005,50.23296,49.432678,49.514759000000005,48.241997,1700900
2014-09-16,49.39164,50.725441,49.26852,50.581799,49.281612,1901900
2014-09-17,50.663879,51.546242,50.561279,51.320518,50.001346999999996,2660100
2014-09-18,51.38208,51.669361,50.663879,50.74596,49.441555,1769000
2014-09-19,50.910118,50.992199,50.438159999999996,50.786999,49.481541,2259400
2014-09-22,50.766479,50.951159999999994,50.356079,50.910118,49.601490000000005,2198400
2014-09-23,50.74596,50.951159999999994,50.581799,50.663879,49.361576,2152800
2014-09-24,50.766479,50.992199,50.438159999999996,50.684399,49.381572999999996,1537100
2014-09-25,50.622840999999994,50.643359999999994,50.048279,50.273998,48.981724,2197600
2014-09-26,50.294521,50.951159999999994,49.986721,50.930640999999994,49.621483000000005,1887000
2014-09-29,50.54076,50.807522,50.21244,50.376598,49.081688,1417900
2014-09-30,50.315041,50.766479,49.90464,50.54076,49.241631,2636500
2014-10-01,50.356079,50.479198,48.693958,49.248001,47.982098,3817500
2014-10-02,49.248001,49.514759000000005,48.570839,49.206959000000005,47.942112,2136300
2014-10-03,49.637878,50.02776,49.432678,49.90464,48.621868,661200
2014-10-06,50.499722,50.910118,49.473721000000005,49.678921,48.401951000000004,2113400
2014-10-07,49.248001,49.658401,48.940201,49.206959000000005,47.942112,1424700
2014-10-08,49.309559,49.39164,48.345119,49.083839000000005,47.822155,1802600
2014-10-09,49.37112,49.494240000000005,47.893681,47.955238,46.722569,2234500
2014-10-10,47.832119,47.893681,46.64196,46.724041,45.523022,2639000
2014-10-13,46.847159999999995,46.970279999999995,45.16452,45.226082,44.063564,4251700
2014-10-14,45.657001,46.00584,44.364239000000005,45.205559,44.043568,3008200
2014-10-15,43.933319,45.451801,42.517441,44.343719,43.20388,5587800
2014-10-16,43.605,45.862202,43.37928,44.85672,43.703693,5365500
2014-10-17,45.985321,47.667961,45.985321,46.806121999999995,45.602989,3238200
2014-10-20,46.86768,48.55032,46.765079,48.468239000000004,47.222382,2321700
2014-10-21,49.248001,50.33556,49.206959000000005,50.294521,49.00172,2224700
2014-10-22,50.499722,50.622840999999994,49.083839000000005,49.26852,48.002094,1728900
2014-10-23,49.986721,50.191921,48.981239,49.330078,48.062069,1345100
2014-10-24,49.186440000000005,49.822559000000005,48.735001000000004,49.740479,48.461918,761200
2014-10-27,49.740479,49.863602,48.776039000000004,49.617359,48.341965,925600
2014-10-28,49.69944,50.499722,49.248001,49.986721,48.701828000000006,2384700
2014-10-29,50.23296,50.828041,49.863602,50.397121000000006,49.101688,1636000
2014-10-30,50.02776,51.730919,49.863602,51.320518,50.001346999999996,2099800
2014-10-31,51.977160999999995,52.633801,50.889599,51.79248,50.461174,3463400
2014-11-03,50.992199,52.469639,50.86908,51.813,50.481167,2772800
2014-11-04,50.622840999999994,50.910118,50.068802000000005,50.479198,49.181656,24618600
2014-11-05,50.807522,51.505199,50.581799,51.38208,50.061325,7300000
2014-11-06,51.38208,51.7104,51.156361,51.402599,50.081322,3861200
2014-11-07,51.648842,51.7104,50.910118,51.238440999999995,49.921375,2379400
2014-11-10,51.320518,51.669361,51.135841,51.58728,50.261246,2507200
2014-11-11,51.566761,51.9156,51.402599,51.730919,50.401196,2884600
2014-11-12,51.7104,52.059238,51.07428,51.956638,50.621124,2179900
2014-11-13,52.1208,52.367039,51.17688,52.059238,50.721077,2876300
2014-11-14,52.1208,52.982639,51.771961,52.96212,51.600746,4424300
2014-11-17,52.572239,52.859519999999996,52.038719,52.161839,50.821037,1568300
2014-11-18,52.161839,52.839001,51.977160999999995,52.551719999999996,51.200901,1838100
2014-11-19,52.367039,52.715881,52.0182,52.367039,51.020965999999994,1343500
2014-11-20,52.264439,52.44911999999999,51.525719,52.2234,50.881023,2426900
2014-11-21,52.839001,52.859519999999996,52.326,52.367039,51.020965999999994,2745100
2014-11-24,52.674839,53.208358999999994,52.592757999999996,52.941601,51.580746000000005,2041000
2014-11-25,52.921082,53.680321,52.859519999999996,53.659801,52.280499,2261900
2014-11-26,53.598240000000004,53.721359,53.16732,53.39304,52.020596000000005,1306600
2014-11-28,53.659801,54.070202,53.639278000000004,53.80344,52.420444,751000
2014-12-01,53.618759,53.741879000000004,52.182362,52.182362,50.841038,2709000
2014-12-02,52.469639,52.715881,52.305481,52.346519,51.000972999999995,2625500
2014-12-03,52.346519,53.310959,52.305481,53.22888199999999,51.860653000000006,2231800
2014-12-04,53.146801,53.80344,52.839001,53.352001,51.980606,4503500
2014-12-05,53.536678,54.29592099999999,53.536678,54.213840000000005,52.82029300000001,2260700
2014-12-08,54.13176,54.357479000000005,53.762402,54.049679000000005,52.660355,1060200
2014-12-09,53.290440000000004,53.906040000000004,52.510681000000005,53.823958999999995,52.440433999999996,1532600
2014-12-10,53.639278000000004,54.193321,53.249401,53.331478000000004,51.960621,1456100
2014-12-11,53.639278000000004,54.43956,53.618759,53.885521,52.500423,1591200
2014-12-12,53.70084,53.885521,53.044201,53.085239,51.720703,1711600
2014-12-15,53.434078,53.618759,51.833519,51.956638,50.621124,4511800
2014-12-16,51.48468,51.813,50.766479,50.766479,49.461548,4312700
2014-12-17,51.094799,52.1208,50.397121000000006,51.9156,50.581131,2926900
2014-12-18,52.592757999999996,53.105759,52.141319,53.085239,51.720703,2347000
2014-12-19,53.22888199999999,53.762402,52.818481000000006,53.721359,52.340481,3023100
2014-12-22,53.721359,54.070202,53.26991999999999,53.352001,51.980606,1819800
2014-12-23,53.762402,53.885521,53.413559,53.557201,52.180531,1849400
2014-12-24,53.454601000000004,54.070202,53.372519999999994,53.782920999999995,52.400452,561800
2014-12-26,54.00864,54.29592099999999,53.906040000000004,53.926559,52.540397999999996,314500
2014-12-29,53.80344,53.823958999999995,53.22888199999999,53.577721,52.200523,1188200
2014-12-30,53.454601000000004,53.823958999999995,53.310959,53.536678,52.160534000000006,824400
2014-12-31,53.577721,54.254879,53.49564,53.536678,52.160534000000006,1115500
2015-01-02,53.762402,53.906040000000004,52.284962,53.22888199999999,51.860653000000006,1791600
2015-01-05,52.839001,53.044201,51.299999,51.505199,50.181278000000006,2112100
2015-01-06,51.402599,51.423119,49.986721,51.033241,49.721455,3422600
2015-01-07,51.648842,52.059238,51.135841,51.854038,50.521152,2239400
2015-01-08,52.305481,53.39304,52.141319,53.290440000000004,51.920624,2098400
2015-01-09,53.290440000000004,53.413559,52.633801,52.756919999999994,51.400826,2061200
2015-01-12,52.715881,52.715881,52.0182,52.2234,50.881023,1670500
2015-01-13,53.26991999999999,53.865002000000004,51.997681,52.633801,51.280876,2895900
2015-01-14,52.038719,53.208358999999994,51.628319,53.208358999999994,51.840656,1962700
2015-01-15,53.290440000000004,53.352001,52.44911999999999,52.5312,51.180912,1157400
2015-01-16,52.284962,53.105759,52.059238,53.064719999999994,51.700706,1285900
2015-01-20,53.105759,53.22888199999999,52.264439,52.900558,51.540764,1490800
2015-01-21,52.736401,53.352001,52.326,53.105759,51.740704,1183800
2015-01-22,53.352001,55.075680000000006,53.085239,54.87048000000001,53.46006,2673900
2015-01-23,54.890999,55.198799,54.419041,54.501121999999995,53.100193000000004,1493200
2015-01-26,54.521641,55.28088,54.357479000000005,55.21931800000001,53.799927000000004,1615800
2015-01-27,54.64476,54.97308,53.885521,54.316441000000005,52.920260999999996,1399100
2015-01-28,54.849959999999996,55.21931800000001,54.172798,54.275397999999996,52.880272,3175700
2015-01-29,54.172798,54.460079,53.618759,54.13176,52.740326,2703100
2015-01-30,53.762402,54.172798,53.208358999999994,53.290440000000004,51.920624,1681800
2015-02-02,53.352001,53.659801,52.4286,53.598240000000004,52.220524,3069500
2015-02-03,53.762402,54.542159999999996,53.516158999999995,54.521641,53.12018199999999,1687100
2015-02-04,54.788399,54.91151800000001,53.721359,54.02916,52.640366,2346100
2015-02-05,53.988121,55.137241,53.988121,55.137241,53.719958999999996,1186600
2015-02-06,55.342442000000005,55.917,54.049679000000005,54.090720999999995,52.700340000000004,4544100
2015-02-09,54.11124,54.788399,53.762402,54.357479000000005,52.960243000000006,2400400
2015-02-10,55.116718000000006,56.368439,54.932041000000005,56.347919,54.89952099999999,3182900
2015-02-11,56.368439,58.871880000000004,56.265839,57.784321,56.298995999999995,6616600
2015-02-12,58.21524,58.74876,57.681720999999996,58.358879,56.858784,4064700
2015-02-13,58.789799,59.38488,58.379397999999995,58.625641,57.118694,3179200
2015-02-17,58.625641,59.302799,58.153679000000004,58.789799,57.278629,2797700
2015-02-18,58.174198,58.83084100000001,57.230281999999995,58.56407900000001,57.058716000000004,4485200
2015-02-19,58.56407900000001,58.871880000000004,58.174198,58.174198,56.678856,2530900
2015-02-20,57.866402,58.502522,57.681720999999996,58.174198,56.678856,1913400
2015-02-23,57.866402,58.010040000000004,57.16871999999999,57.29184,55.819176,2179100
2015-02-24,57.209759,57.456001,56.799358,57.025082,55.559277,2516700
2015-02-25,57.086639,57.39444,56.90195799999999,57.29184,55.819176,2689700
2015-02-26,57.37392,57.538078000000006,56.676239,57.476521,55.999104,2964900
2015-02-27,57.456001,58.051079,57.456001,58.010040000000004,56.518913,2306200
2015-03-02,58.153679000000004,59.32331800000001,57.989520999999996,59.241241,57.718464000000004,2030700
2015-03-03,59.179680000000005,60.062038,58.44096,60.062038,58.518166,4133000
2015-03-04,59.836318999999996,59.856838,58.481998,59.42591899999999,57.898399,4532100
2015-03-05,59.446442000000005,60.185162,59.38488,59.569561,58.038349,1934800
2015-03-06,59.097599,59.302799,57.90744,57.948479000000006,56.45894200000001,2665000
2015-03-09,58.276798,58.276798,57.681720999999996,58.030559999999994,56.538906000000004,1806500
2015-03-10,57.189240000000005,57.70224,56.799358,57.271319999999996,55.799183,2936500
2015-03-11,57.189240000000005,57.70224,57.086639,57.538078000000006,56.059086,2876900
2015-03-12,57.90744,59.118118,57.90744,58.092121,56.598888,2314600
2015-03-13,58.010040000000004,58.297321,57.39444,57.763802,56.279003,3998600
2015-03-16,58.030559999999994,59.7132,58.030559999999994,59.466961,57.93838100000001,2623500
2015-03-17,59.302799,59.507999,58.892399,59.28228000000001,57.758453,1725500
2015-03-18,59.200199,60.185162,58.789799,60.1236,58.578143999999995,1586800
2015-03-19,59.897881000000005,60.55452,59.836318999999996,60.451919999999994,58.898029,1693700
2015-03-20,60.821281000000006,60.96491999999999,60.021,60.144118999999996,58.598141000000005,3327500
2015-03-23,60.185162,60.944401,59.856838,60.472439,58.918018000000004,2032500
2015-03-24,60.349318999999994,60.780239,59.836318999999996,60.492962,58.938010999999996,3181500
2015-03-25,60.4314,60.451919999999994,58.892399,58.994999,57.47855799999999,3669900
2015-03-26,58.584599,60.287762,58.379397999999995,59.877361,58.33824499999999,4954600
2015-03-27,59.754238,61.334278000000005,59.59008000000001,61.047001,59.477814,4743800
2015-03-30,61.375319999999995,61.68312099999999,60.55452,60.800757999999995,59.237904,2529600
2015-03-31,60.718681000000004,61.252201,60.410881,60.780239,59.217903,5110100
2015-04-01,60.903358,60.944401,59.69268,60.082561,58.538157999999996,2307500
2015-04-02,60.185162,60.96491999999999,60.1236,60.24671899999999,58.698097,3461300
2015-04-06,60.021,61.005959,59.959438,60.780239,59.217903,3101200
2015-04-07,60.96491999999999,60.96491999999999,59.856838,59.897881000000005,58.358231,1719000
2015-04-08,61.724159,62.64756,61.190639000000004,62.606522,60.99724200000001,5736900
2015-04-09,62.421841,64.0224,61.888321,63.8172,62.176804000000004,4197900
2015-04-10,63.83771899999999,64.30967700000001,62.975880000000004,63.509399,61.876911,2825000
2015-04-13,62.64756,63.201599,62.360279000000006,62.544959999999996,60.937267000000006,1597400
2015-04-14,62.503921999999996,62.544959999999996,61.662601,62.11404,60.517421999999996,1335400
2015-04-15,62.524441,62.975880000000004,61.99092099999999,61.99092099999999,60.397472,1367700
2015-04-16,61.970402,62.44236,61.067519999999995,61.27271999999999,59.697727,1969800
2015-04-17,60.759719999999994,61.252201,60.369839,60.739201,59.177921,1767700
2015-04-20,60.944401,61.908840000000005,60.86232,61.27271999999999,59.697727,1898800
2015-04-21,61.601040000000005,62.052479000000005,61.293240000000004,61.785720999999995,60.197540000000004,1441100
2015-04-22,61.68312099999999,62.155079,61.108559,61.601040000000005,60.017605,1569300
2015-04-23,61.601040000000005,62.503921999999996,61.416359,62.196121,60.597389,1418700
2015-04-24,62.606522,62.791199,62.052479000000005,62.13456,60.537411,961000
2015-04-27,62.421841,62.975880000000004,60.780239,60.821281000000006,59.257895999999995,2141400
2015-04-28,60.92388199999999,61.293240000000004,59.9184,60.410881,58.85804,2873000
2015-04-29,62.462879,64.84320100000001,60.780239,61.067519999999995,59.497803000000005,6059200
2015-04-30,60.92388199999999,61.005959,58.74876,59.42591899999999,57.898399,3870100
2015-05-01,59.877361,61.375319999999995,59.54904200000001,61.211158999999995,59.637749,2465200
2015-05-04,61.23168199999999,61.560001,60.164639,60.30828100000001,58.758083,1499500
2015-05-05,60.144118999999996,60.267239000000004,59.261761,59.59008000000001,58.058338,1408600
2015-05-06,59.7132,59.979960999999996,59.07708,59.63111899999999,58.098328,1674000
2015-05-07,59.7132,60.65711999999999,59.651642,60.492962,58.938010999999996,1530800
2015-05-08,61.416359,62.483398,61.088039,61.765202,60.177555000000005,2040000
2015-05-11,60.96491999999999,61.252201,60.69815799999999,60.92388199999999,59.357856999999996,12699200
2015-05-12,60.65711999999999,60.903358,60.24671899999999,60.390361999999996,58.838051,3094500
2015-05-13,60.492962,60.69815799999999,59.63111899999999,59.733718999999994,58.198292,2891200
2015-05-14,60.369839,61.067519999999995,59.93891899999999,60.534,58.978004000000006,6242100
2015-05-15,60.821281000000006,61.23168199999999,60.410881,60.534,58.978004000000006,5011600
2015-05-18,60.472439,60.821281000000006,60.390361999999996,60.55452,58.99799,3451400
2015-05-19,60.718681000000004,61.088039,60.55452,60.718681000000004,59.157928000000005,2385700
2015-05-20,60.69815799999999,60.92388199999999,60.062038,60.780239,59.217903,2086800
2015-05-21,60.800757999999995,60.800757999999995,60.021,60.082561,58.538157999999996,9917300
2015-05-22,60.062038,60.349318999999994,59.672160999999996,60.2262,58.678104000000005,3617000
2015-05-26,60.86232,60.96491999999999,59.69268,59.856838,58.318241,3009400
2015-05-27,60.144118999999996,60.595558,59.733718999999994,60.390361999999996,58.838051,3195100
2015-05-28,60.185162,60.492962,59.63111899999999,60.349318999999994,58.798058,3095300
2015-05-29,60.164639,60.3288,59.405398999999996,59.42591899999999,57.898399,4467200
2015-06-01,59.7132,60.144118999999996,59.507999,59.856838,58.318241,3460100
2015-06-02,59.69268,60.021,59.528518999999996,59.897881000000005,58.358231,2869900
2015-06-03,60.2262,60.6366,60.021,60.103081,58.558155000000006,3361400
2015-06-04,59.63111899999999,60.55452,59.54904200000001,60.062038,58.518166,2536400
2015-06-05,60.062038,60.369839,59.897881000000005,60.30828100000001,58.758083,3076500
2015-06-08,60.30828100000001,60.349318999999994,58.871880000000004,59.01551800000001,57.49855,7089400
2015-06-09,59.097599,60.00048100000001,59.07708,59.877361,58.33824499999999,4935700
2015-06-10,59.8158,60.164639,58.728241000000004,58.83084100000001,57.31861899999999,5560700
2015-06-11,59.138641,59.38488,58.769279000000004,59.097599,57.578522,3791300
2015-06-12,58.789799,59.056561,58.256279000000006,58.687199,57.17866899999999,3875000
2015-06-15,58.892399,59.28228000000001,58.256279000000006,58.317841,56.818806,7119300
2015-06-16,58.21524,58.420441000000004,57.435478,57.517559,56.039097,7338000
2015-06-17,57.456001,57.661201,56.614681000000004,57.312358999999994,55.839165,12383900
2015-06-18,57.476521,58.83084100000001,57.476521,58.194720999999994,56.698845,18487100
2015-06-19,58.030559999999994,58.54356,57.579120999999994,57.640678,56.159046,6731100
2015-06-22,58.030559999999994,58.605121999999994,57.579120999999994,57.59964,56.119064,5411100
2015-06-23,57.558601,57.886920999999994,57.148201,57.661201,56.179054,4901900
2015-06-24,57.640678,58.153679000000004,57.312358999999994,57.414958999999996,55.939129,2976200
2015-06-25,57.59964,57.948479000000006,57.209759,57.435478,55.959126,4327000
2015-06-26,57.517559,58.092121,57.06612,57.620158999999994,56.13905,12658700
2015-06-29,56.943001,57.435478,56.0196,56.081161,54.639618000000006,4051900
2015-06-30,56.5326,56.778839000000005,56.1222,56.5326,55.079453,2729400
2015-07-01,57.086639,57.517559,56.75832,57.00455899999999,55.539280000000005,2653000
2015-07-02,57.476521,57.640678,56.655719999999995,57.00455899999999,55.539280000000005,1649400
2015-07-06,56.696757999999996,57.497040000000005,56.20428100000001,57.045601,55.579266000000004,2684300
2015-07-07,57.045601,57.271319999999996,56.20428100000001,57.148201,55.679221999999996,3029900
2015-07-08,56.71728100000001,56.75832,55.588680000000004,55.83491899999999,54.399708,3127700
2015-07-09,56.45052,56.963519999999995,55.917,55.978561,54.53965,2805000
2015-07-10,56.737801,57.497040000000005,56.51208100000001,57.230281999999995,55.759193,3384600
2015-07-13,57.90744,58.194720999999994,57.70224,57.804840000000006,56.318996,3257200
2015-07-14,57.90744,58.317841,57.743279,58.23576,56.738834,2311600
2015-07-15,58.379397999999995,58.523041000000006,57.681720999999996,57.743279,56.259009999999996,2591200
2015-07-16,58.338359999999994,58.461479000000004,57.866402,57.969002,56.478928,2772700
2015-07-17,58.13316,58.379397999999995,57.620158999999994,58.010040000000004,56.518913,2515300
2015-07-20,58.010040000000004,58.276798,57.681720999999996,58.11264,56.618877000000005,1899800
2015-07-21,57.784321,57.90744,57.271319999999996,57.497040000000005,56.019104000000006,2794800
2015-07-22,57.435478,57.640678,57.12768199999999,57.435478,55.959126,1991900
2015-07-23,57.39444,57.435478,54.932041000000005,55.506599,54.079823,7144700
2015-07-24,55.6092,55.670761,54.00864,55.055161,53.639988,5884100
2015-07-27,54.43956,54.97308,53.885521,54.377998,52.980236,4668400
2015-07-28,54.583199,55.055161,54.00864,54.357479000000005,52.960243000000006,4083500
2015-07-29,55.48608,57.271319999999996,55.301398999999996,56.86091999999999,55.399333999999996,9417400
2015-07-30,56.59415799999999,56.778839000000005,54.419041,54.460079,53.060210999999995,7572100
2015-07-31,55.034641,55.506599,54.33696,55.096199,53.679974,4404600
2015-08-03,55.342442000000005,55.342442000000005,54.213840000000005,54.43956,53.040206999999995,2408100
2015-08-04,54.357479000000005,54.767879,53.454601000000004,53.680321,52.300495,3695700
2015-08-05,53.762402,54.808921999999995,52.592757999999996,52.900558,51.540764,8778800
2015-08-06,52.797957999999994,52.797957999999994,51.648842,52.715881,51.36084,7624400
2015-08-07,52.715881,53.290440000000004,52.182362,53.16732,51.800678000000005,4402900
2015-08-10,53.577721,53.906040000000004,53.39304,53.782920999999995,52.400452,4218600
2015-08-11,53.413559,53.823958999999995,52.941601,53.18784,51.820663,2923000
2015-08-12,52.982639,53.146801,51.854038,53.023681999999994,51.728802,3113300
2015-08-13,53.064719999999994,53.310959,52.490162,53.023681999999994,51.728802,2706100
2015-08-14,52.859519999999996,53.003159,52.100281,52.572239,51.288395,2190200
2015-08-17,52.469639,53.454601000000004,52.264439,53.39304,52.089138,1915600
2015-08-18,53.475120999999994,53.475120999999994,52.921082,53.023681999999994,51.728802,1209000
2015-08-19,52.900558,53.249401,52.367039,52.756919999999994,51.468559,2112400
2015-08-20,52.0182,52.305481,51.094799,51.217918,49.967148,3251600
2015-08-21,50.581799,51.156361,50.109840000000005,50.273998,49.046276,2970500
2015-08-24,47.442242,50.089321000000005,42.94836,48.632401,47.444771,3293700
2015-08-25,50.438159999999996,50.561279,48.304081,48.304081,47.124458000000004,5663100
2015-08-26,49.514759000000005,50.109840000000005,48.304081,49.925159,48.705948,3280800
2015-08-27,50.520241,51.341042,49.822559000000005,51.053761,49.806992,4370800
2015-08-28,50.643359999999994,51.464161,50.397121000000006,51.38208,50.1273,2156200
2015-08-31,51.299999,51.648842,50.74596,50.951159999999994,49.706897999999995,2129900
2015-09-01,49.90464,50.499722,49.124882,49.453201,48.245518,2140700
2015-09-02,50.130359999999996,50.23296,49.535278000000005,50.048279,48.826069,2212900
2015-09-03,50.191921,51.423119,50.089321000000005,50.725441,49.486691,2826600
2015-09-04,49.863602,50.766479,49.637878,50.479198,49.246464,3508900
2015-09-08,51.361561,52.100281,51.17688,52.0182,50.747883,2448100
2015-09-09,52.469639,52.818481000000006,51.854038,52.1208,50.847972999999996,4203900
2015-09-10,52.1208,52.715881,51.628319,52.243919,50.968090000000004,3903700
2015-09-11,51.956638,52.551719999999996,51.771961,52.510681000000005,51.22834,2344300
2015-09-14,52.469639,52.715881,52.079762,52.264439,50.988102000000005,2525200
2015-09-15,52.264439,52.264439,50.97168,51.320518,50.06723,6693900
2015-09-16,51.48468,52.510681000000005,51.402599,52.264439,50.988102000000005,3557200
2015-09-17,52.264439,53.146801,52.079762,52.161839,50.888023,2200200
2015-09-18,50.910118,50.910118,49.124882,49.16592,47.965256,6746000
2015-09-21,49.453201,49.966202,49.145401,49.309559,48.105389,2727700
2015-09-22,48.632401,48.796558000000005,47.9142,48.591358,47.404724,3014300
2015-09-23,48.468239000000004,48.693958,47.852638,47.934719,46.764122,3154200
2015-09-24,47.8116,48.098881,47.216518,47.585879999999996,46.423809000000006,3421700
2015-09-25,47.852638,47.934719,47.052361,47.38068,46.22361,2958600
2015-09-28,47.07288,47.154961,45.082439,45.226082,44.121628,3792500
2015-09-29,45.410759000000006,45.636478000000004,44.610481,44.938801,43.84137,2987100
2015-09-30,45.349201,47.07288,45.144001,47.07288,45.923328000000005,4732000
2015-10-01,47.195999,49.16592,47.17548,48.180962,47.004353,7969800
2015-10-02,47.503799,48.55032,46.806121999999995,48.386162,47.20454,16812600
2015-10-05,48.673439,49.227482,48.570839,49.16592,47.965256,2934500
2015-10-06,49.309559,49.59684,48.632401,48.817081,47.624935,2053000
2015-10-07,48.940201,50.130359999999996,48.837601,49.678921,48.465733,3078200
2015-10-08,49.617359,51.566761,49.350601,51.07428,49.827007,3393700
2015-10-09,51.115318,51.833519,50.684399,51.730919,50.467617,2792400
2015-10-12,51.669361,52.264439,51.48468,51.751438,50.487633,1810800
2015-10-13,51.156361,51.895081,50.889599,51.299999,50.047218,2813200
2015-10-14,51.17688,51.525719,50.00724,50.109840000000005,48.886131,2675700
2015-10-15,50.54076,50.786999,48.981239,50.643359999999994,49.406609,4074200
2015-10-16,50.150878999999996,50.520241,49.248001,49.69944,48.485748,3176900
2015-10-19,49.617359,50.02776,49.39164,49.59684,48.385653999999995,1995500
2015-10-20,49.802040000000005,51.156361,49.719959,51.135841,49.887066,2995700
2015-10-21,51.402599,52.059238,50.253479,50.376598,49.146370000000005,2132700
2015-10-22,50.889599,52.202881,50.725441,51.751438,50.487633,3245500
2015-10-23,51.115318,51.854038,50.294521,50.397121000000006,49.166393,5183100
2015-10-26,50.417640999999996,51.58728,50.33556,51.299999,50.047218,2367500
2015-10-27,51.341042,52.941601,50.479198,51.936119,50.667812,4740200
2015-10-28,53.434078,53.906040000000004,50.068802000000005,51.48468,50.227385999999996,8571000
2015-10-29,50.889599,51.730919,50.273998,51.6078,50.3475,2736200
2015-10-30,51.628319,51.813,50.930640999999994,51.27948,50.027203,1805300
2015-11-02,51.648842,52.305481,51.320518,51.895081,50.627769,2283400
2015-11-03,51.68988,52.756919999999994,51.156361,52.469639,51.188297,2887100
2015-11-04,52.674839,52.736401,51.79248,52.141319,50.867992,2219700
2015-11-05,52.059238,53.105759,51.936119,52.674839,51.388489,1775000
2015-11-06,52.736401,53.372519999999994,52.243919,52.61328100000001,51.328434,1513900
2015-11-09,52.305481,52.490162,51.423119,52.202881,50.928051,1966100
2015-11-10,52.161839,52.797957999999994,51.977160999999995,52.736401,51.448536,1924200
2015-11-11,53.003159,53.146801,52.469639,52.5312,51.248356,1589100
2015-11-12,51.997681,52.059238,51.320518,51.546242,50.287445,2146000
2015-11-13,51.320518,51.443642,49.925159,50.109840000000005,48.886131,2519800
2015-11-16,49.658401,49.69944,47.585879999999996,48.919682,47.725029,10488900
2015-11-17,49.28904,49.37112,47.278079999999996,47.503799,46.343734999999995,6608100
2015-11-18,47.6064,48.139919,47.07288,48.037319000000004,46.864216,5659000
2015-11-19,48.222,48.509281,47.79108,48.222,47.044384,2292500
2015-11-20,48.796558000000005,49.145401,47.9142,48.263039,47.084423,2115900
2015-11-23,48.3246,49.37112,48.3246,48.509281,47.324646,1807400
2015-11-24,47.401199,48.222,47.278079999999996,48.1194,47.012131,2924800
2015-11-25,48.180962,48.5298,47.68848,47.893681,46.791607,2450600
2015-11-27,47.729519,47.996281,47.6064,47.8116,46.711411,906600
2015-11-30,47.79108,47.934719,47.031841,47.647442,46.551041,2455200
2015-12-01,48.0168,48.468239000000004,47.6064,48.406681,47.292809000000005,1907300
2015-12-02,48.304081,48.365639,47.48328,47.79108,46.691371999999994,2069200
2015-12-03,48.776039000000004,48.899158,46.252078999999995,46.86768,45.789215000000006,2999000
2015-12-04,47.113918,47.626919,46.847159999999995,47.298598999999996,46.210217,2127300
2015-12-07,47.339642,47.503799,45.964802,46.518840999999995,45.448399,2941500
2015-12-08,45.513359,46.416241,45.390240000000006,46.211040000000004,45.147686,1987200
2015-12-09,46.067402,46.765079,44.610481,44.610481,43.583958,5317000
2015-12-10,44.85672,45.574921,44.672039,45.328678000000004,44.285629,3751600
2015-12-11,44.672039,44.918282,44.118,44.733601,43.704243,3626200
2015-12-14,44.405281,44.897758,42.907318,43.666561,42.661758,5520300
2015-12-15,44.159039,44.589958,43.7076,43.78968,42.782043,3442400
2015-12-16,44.200081,48.65292,44.0154,46.067402,45.007351,9301700
2015-12-17,46.929241,46.94976,45.349201,45.390240000000006,44.345772,3477900
2015-12-18,45.18504,45.903240000000004,43.871761,44.035919,43.022614000000004,3741200
2015-12-21,44.179562,44.405281,43.543442,43.851238,42.842186,4114100
2015-12-22,43.8102,45.123482,43.666561,44.65152,43.62405,4923700
2015-12-23,44.672039,45.390240000000006,44.035919,45.226082,44.185387,3595100
2015-12-24,45.18504,45.390240000000006,44.75412,44.877239,43.844570000000004,717300
2015-12-28,44.795158,45.082439,44.2206,44.692558,43.664146,1498600
2015-12-29,44.95932,45.102959000000006,44.343719,44.713081,43.6842,1268600
2015-12-30,44.466839,44.897758,44.261639,44.3232,43.303284000000005,1604300
2015-12-31,44.282162,44.836201,43.9128,43.9128,42.902332,1688000
2016-01-04,43.502399,43.646042,42.373798,43.27668,42.280842,3512100
2016-01-05,43.297199,43.8102,42.927841,43.297199,42.300896,2215300
2016-01-06,42.53796,42.661079,40.711681,41.040001000000004,40.095634000000004,6963300
2016-01-07,40.260239,40.691158,39.27528,39.500999,38.592052,13039400
2016-01-08,39.972961,40.629601,39.254761,39.295799,38.391566999999995,3435900
2016-01-11,39.521519,40.301281,38.987999,39.48048,38.572002000000005,4270800
2016-01-12,39.870360999999995,40.362839,39.439442,40.137119,39.213528000000004,3502200
2016-01-13,39.993481,40.198681,37.941479,38.044078999999996,37.168648,5022400
2016-01-14,37.120682,37.818359,36.135719,37.756802,36.887989000000005,5821200
2016-01-15,36.54612,36.730801,35.540642,36.423,35.584872999999995,5868100
2016-01-19,36.771839,36.915482,34.76088,35.520119,34.70277,3537600
2016-01-20,34.925041,37.038601,33.16032,36.402481,35.564834999999995,8575300
2016-01-21,36.381962,38.249279,36.340919,37.674721000000005,36.807796,7649800
2016-01-22,38.290321,38.721241,36.936001,37.49004,36.627373,4069100
2016-01-25,37.469521,37.715759000000006,35.479079999999996,35.745838,34.923297999999996,4192000
2016-01-26,36.094681,38.023559999999996,35.868961,37.941479,37.068413,4570600
2016-01-27,37.613159,37.962002000000005,36.5256,36.771839,35.925686,3543100
2016-01-28,37.26432,37.28484,35.130241,35.253361,34.44215,4624400
2016-01-29,35.438041999999996,36.54612,35.232841,36.54612,35.705162,4175200
2016-02-01,36.464039,37.05912,35.951038,36.85392,36.005878,2887200
2016-02-02,36.279362,36.279362,35.06868,35.458560999999996,34.642624,3482300
2016-02-03,35.68428,35.930519,34.042679,35.725319,34.903248,3050900
2016-02-04,35.37648,37.243801,35.294399,37.120682,36.266502,3505700
2016-02-05,36.997559,37.16172,35.8074,36.1152,35.284153,3374800
2016-02-08,35.7048,36.176762,35.048161,35.868961,35.043587,5068300
2016-02-09,35.7048,37.407959000000005,35.335442,36.197281,35.364349,3629100
2016-02-10,36.381962,37.654202000000005,36.361439000000004,37.100159000000005,36.246449,3420300
2016-02-11,36.279362,36.894958,35.971561,36.628201000000004,35.785358,5605700
2016-02-12,37.141201,38.249279,36.936001,38.044078999999996,37.168648,4209800
2016-02-16,38.659679,39.234241,37.879921,38.96748,38.070805,3867300
2016-02-17,39.193199,40.609081,39.193199,40.4244,39.494202,4682300
2016-02-18,40.280762,40.978439,39.07008,40.239719,39.313774,4251600
2016-02-19,40.034519,40.937401,39.17268,40.793758000000004,39.855057,5255500
2016-02-22,41.368320000000004,42.045479,40.1166,40.834801,39.895161,3418400
2016-02-23,40.732201,41.676121,40.588558,40.793758000000004,39.855057,2867300
2016-02-24,40.4244,40.916882,39.459961,40.814281,39.875111,3419000
2016-02-25,40.896358,41.614559,40.362839,41.450401,40.496593,2662600
2016-02-26,43.605,43.994881,41.553001,42.476397999999996,41.498981,6245200
2016-02-29,42.476397999999996,42.702121999999996,41.347801000000004,42.64056,41.659363,5197200
2016-03-01,43.050961,43.399799,42.33276,42.989399,42.000183,2996700
2016-03-02,43.009918,43.9128,42.989399,43.892281,42.882290000000005,3146600
2016-03-03,43.8102,44.44632,43.58448,44.302681,43.283229999999996,2253200
2016-03-04,44.487358,44.938801,44.056438,44.918282,43.884678,2764100
2016-03-07,44.692558,45.020882,44.138519,44.241119,43.223087,2571800
2016-03-08,43.871761,43.974361,42.927841,42.96888,41.980129,2872000
2016-03-09,43.215118,43.317719,42.107040000000005,42.620041,41.639313,2338500
2016-03-10,42.907318,43.009918,41.26572,42.086521000000005,41.118072999999995,2573900
2016-03-11,42.661079,43.625519,41.942879,43.625519,42.621662,2795500
2016-03-14,44.405281,44.589958,43.666561,43.728119,42.721901,4016400
2016-03-15,43.399799,43.563961,42.927841,43.338242,42.340984000000006,2036400
2016-03-16,43.050961,43.7076,42.804722,43.563961,42.630375,3070000
2016-03-17,43.37928,43.646042,42.578998999999996,43.58448,42.650459000000005,2348000
2016-03-18,43.871761,45.390240000000006,43.871761,45.16452,44.196632,4138500
2016-03-21,45.390240000000006,46.375198,45.26712,45.985321,44.999846999999995,4822400
2016-03-22,45.390240000000006,45.903240000000004,45.082439,45.718559,44.738803999999995,4440900
2016-03-23,45.69804,45.821159,44.75412,45.020882,44.056072,2723400
2016-03-24,44.815681,45.28764,44.4258,45.28764,44.31712,3913100
2016-03-28,45.574921,46.087921,44.569439,45.718559,44.738803999999995,3011400
2016-03-29,45.739079,46.169998,45.36972,46.087921,45.10025,3021000
2016-03-30,46.457279,46.74456,45.923759000000004,46.64196,45.64241,3100000
2016-03-31,46.662479,46.970279999999995,46.12896,46.211040000000004,45.220721999999995,1922100
2016-04-01,45.26712,45.451801,44.076962,45.16452,44.196632,7315200
2016-04-04,45.226082,45.780121,44.836201,45.533878,44.558079,2209400
2016-04-05,45.082439,45.144001,44.487358,44.815681,43.855270000000004,3276600
2016-04-06,44.75412,45.677521,44.384762,45.657001,44.67857,3131400
2016-04-07,45.246601,45.533878,44.95932,45.349201,44.377357,3204500
2016-04-08,45.882721000000004,46.416241,45.574921,45.759602,44.778965,2762900
2016-04-11,46.02636,46.559878999999995,45.739079,45.759602,44.778965,2507500
2016-04-12,46.375198,46.908718,45.944278999999995,46.087921,45.10025,4462000
2016-04-13,46.231559999999995,46.826640999999995,46.00584,46.785599,45.782973999999996,2841900
2016-04-14,46.929241,47.216518,46.580399,46.600922,45.602249,2260200
2016-04-15,46.416241,46.682999,45.718559,46.149479,45.160488,2432600
2016-04-18,46.12896,46.231559999999995,45.410759000000006,45.615959000000004,44.638393,3384200
2016-04-19,45.657001,46.067402,45.308159,45.780121,44.799042,2436500
2016-04-20,45.944278999999995,45.964802,44.979839,44.979839,44.015907,5996400
2016-04-21,45.18504,46.169998,45.18504,45.390240000000006,44.417515,4251900
2016-04-22,45.246601,45.636478000000004,44.118,44.4258,43.473743,4794000
2016-04-25,44.507881,45.18504,44.507881,44.610481,43.654469,3844100
2016-04-26,44.610481,44.815681,43.543442,44.405281,43.453655,5203600
2016-04-27,44.076962,46.169998,43.974361,45.718559,44.738803999999995,4117200
2016-04-28,45.533878,46.518840999999995,45.26712,45.636478000000004,44.658478,4018800
2016-04-29,45.59544,45.69804,44.897758,45.246601,44.276951000000004,2915400
2016-05-02,45.533878,45.69804,45.020882,45.657001,44.67857,3118300
2016-05-03,45.18504,45.821159,45.102959000000006,45.554401,44.578163,3166900
2016-05-04,45.18504,45.574921,44.918282,45.226082,44.25687,4359600
2016-05-05,45.328678000000004,45.69804,45.082439,45.226082,44.25687,1761900
2016-05-06,44.877239,45.410759000000006,44.631001,45.205559,44.23679,2451600
2016-05-09,45.16452,45.472321,44.815681,45.431278000000006,44.457668,2113600
2016-05-10,45.759602,47.031841,45.246601,46.86768,45.863293,4084800
2016-05-11,46.559878999999995,46.847159999999995,45.554401,45.718559,44.738803999999995,4019800
2016-05-12,45.80064,45.923759000000004,44.487358,45.000359,44.035988,3265500
2016-05-13,44.815681,45.410759000000006,44.035919,44.118,43.172543,2875500
2016-05-16,44.2206,44.836201,44.056438,44.65152,43.694626,2151000
2016-05-17,44.487358,45.06192,44.159039,44.631001,43.674549,3917500
2016-05-18,44.179562,44.733601,42.84576,43.256161,42.395664000000004,5630900
2016-05-19,41.922359,42.394321000000005,41.553001,42.312241,41.47052,8099800
2016-05-20,42.353279,42.681599,42.066002000000005,42.148078999999996,41.309624,3129800
2016-05-23,42.066002000000005,42.64056,41.963402,42.312241,41.47052,3892900
2016-05-24,42.578998999999996,43.050961,42.02496,42.76368,41.912979,2877000
2016-05-25,42.784199,43.256161,42.045479,43.009918,42.154327,4668100
2016-05-26,43.07148,43.091999,41.963402,42.066002000000005,41.229178999999995,2600800
2016-05-27,42.127559999999995,42.76368,42.066002000000005,42.578998999999996,41.731968,2288800
2016-05-31,42.661079,42.886798999999996,42.189121,42.64056,41.792313,3399000
2016-06-01,42.64056,43.030440999999996,42.558479,42.96888,42.114094,1708300
2016-06-02,43.009918,44.589958,42.804722,44.343719,43.461582,4807700
2016-06-03,44.159039,44.631001,43.605,44.569439,43.682819,6970700
2016-06-06,44.631001,45.308159,44.569439,45.16452,44.266059999999996,5536500
2016-06-07,45.205559,45.390240000000006,44.733601,44.795158,43.904049,2055700
2016-06-08,44.877239,45.082439,44.076962,44.569439,43.682819,2732500
2016-06-09,44.364239000000005,44.5284,43.9128,44.3232,43.441475,1697600
2016-06-10,43.830719,43.851238,43.112518,43.461361,42.596786,2509600
2016-06-13,43.399799,44.0154,43.194599,43.461361,42.596786,2520000
2016-06-14,43.153560999999996,43.646042,43.112518,43.37928,42.516335,2849500
2016-06-15,43.605,45.082439,43.502399,44.487358,43.602371000000005,4476600
2016-06-16,44.2206,44.733601,43.543442,44.610481,43.723045,3610100
2016-06-17,44.610481,46.149479,44.610481,46.10844,45.191212,5036100
2016-06-20,46.600922,47.770561,46.539359999999995,47.524319,46.578922,6271200
2016-06-21,47.48328,47.544841999999996,46.703522,46.929241,45.995678000000005,4007300
2016-06-22,47.134440999999995,47.585879999999996,46.785599,46.929241,45.995678000000005,2609700
2016-06-23,47.544841999999996,48.4272,47.298598999999996,48.078362,47.121941,5248100
2016-06-24,46.046879,46.888199,44.610481,44.836201,43.944275,8209600
2016-06-27,44.384762,44.384762,42.804722,43.358761,42.496227000000005,6493400
2016-06-28,44.035919,44.507881,43.358761,44.159039,43.280578999999996,3747400
2016-06-29,44.75412,46.580399,44.75412,45.739079,44.829193,5680300
2016-06-30,45.944278999999995,46.252078999999995,45.431278000000006,46.231559999999995,45.311873999999996,4422300
2016-07-01,46.33416,47.052361,46.33416,46.94976,46.015789,1968700
2016-07-05,46.703522,46.826640999999995,45.513359,45.923759000000004,45.010201,2250900
2016-07-06,45.759602,46.33416,45.49284,46.313641,45.392323,2381300
2016-07-07,46.416241,47.216518,46.375198,46.86768,45.935340999999994,3424600
2016-07-08,47.462761,47.9142,47.339642,47.873160999999996,46.920818,1721300
2016-07-11,48.222,48.365639,47.955238,48.139919,47.182278000000004,1814100
2016-07-12,48.611881,49.124882,48.447720000000004,48.755520000000004,47.785629,5553600
2016-07-13,48.714481,48.796558000000005,47.647442,48.468239000000004,47.504059000000005,3316600
2016-07-14,48.85812,49.063320000000004,48.5298,48.65292,47.685066,1434900
2016-07-15,48.386162,49.042801000000004,48.139919,48.817081,47.845959,1852800
2016-07-18,48.85812,49.350601,48.755520000000004,49.227482,48.248199,3150800
2016-07-19,48.5298,49.309559,48.283561999999996,49.022282000000004,48.047077,3320200
2016-07-20,49.309559,49.576321,48.837601,49.248001,48.268307,3272800
2016-07-21,49.083839000000005,50.130359999999996,48.96072,49.186440000000005,48.207972999999996,4259900
2016-07-22,49.186440000000005,49.986721,48.96072,49.945679,48.952114,3713500
2016-07-25,49.884121,50.109840000000005,49.063320000000004,49.124882,48.147636,3072600
2016-07-26,49.042801000000004,49.309559,48.878639,48.981239,48.006859000000006,4405200
2016-07-27,48.632401,48.837601,47.462761,47.544841999999996,46.599037,8082100
2016-07-28,47.38068,47.401199,46.416241,46.970279999999995,46.0359,5283200
2016-07-29,46.806121999999995,47.647442,46.703522,47.585879999999996,46.639259,5408800
2016-08-01,47.503799,47.955238,47.237041,47.852638,46.900703,2403300
2016-08-02,47.565360999999996,47.975761,46.354679,46.929241,45.995678000000005,2429900
2016-08-03,46.724041,47.462761,46.293121,46.847159999999995,45.915226000000004,3318400
2016-08-04,46.847159999999995,47.442242,46.682999,47.360161,46.418022,2374700
2016-08-05,47.667961,48.304081,47.544841999999996,48.1194,47.162163,1965000
2016-08-08,48.222,49.206959000000005,48.139919,48.878639,47.906292,3835600
2016-08-09,48.755520000000004,49.28904,48.406681,48.591358,47.624728999999995,6379900
2016-08-10,48.673439,48.940201,48.037319000000004,48.345119,47.383392,3879300
2016-08-11,48.570839,49.001759,48.406681,48.55032,47.584507,4978500
2016-08-12,48.365639,49.104359,48.283561999999996,49.063320000000004,48.087303000000006,3507400
2016-08-15,49.227482,49.514759000000005,48.85812,49.494240000000005,48.509651,2933700
2016-08-16,49.432678,50.109840000000005,49.206959000000005,50.00724,49.012446999999995,3383900
2016-08-17,49.863602,49.966202,49.514759000000005,49.822559000000005,48.899895,7279400
2016-08-18,49.719959,49.945679,49.535278000000005,49.555801,48.638077,6605100
2016-08-19,49.350601,49.617359,49.227482,49.59684,48.678356,2358100
2016-08-22,49.494240000000005,49.69944,49.309559,49.555801,48.638077,1300300
2016-08-23,49.658401,49.925159,49.494240000000005,49.514759000000005,48.59779,1938500
2016-08-24,49.514759000000005,49.884121,49.124882,49.59684,48.678356,2204600
2016-08-25,49.494240000000005,49.678921,49.227482,49.658401,48.738772999999995,1580200
2016-08-26,49.576321,49.90464,48.981239,49.28904,48.376251,2453300
2016-08-29,49.26852,49.617359,49.206959000000005,49.248001,48.335968,1917300
2016-08-30,49.37112,49.473721000000005,48.570839,48.796558000000005,47.892891,4598600
2016-08-31,48.304081,49.206959000000005,48.304081,48.981239,48.074154,2733300
2016-09-01,49.37112,49.37112,48.4272,48.776039000000004,47.872749,4685600
2016-09-02,48.509281,49.145401,48.488762,48.714481,47.812332,1457300
2016-09-06,48.714481,48.796558000000005,48.139919,48.488762,47.590794,1354000
2016-09-07,48.509281,48.755520000000004,48.386162,48.5298,47.631069000000004,1443800
2016-09-08,48.447720000000004,48.65292,47.934719,48.037319000000004,47.147713,1987200
2016-09-09,47.6064,47.79108,46.580399,46.64196,45.778187,4347100
2016-09-12,46.272597999999995,47.503799,46.169998,47.298598999999996,46.422676,3783100
2016-09-13,46.806121999999995,47.319117999999996,46.74456,47.052361,46.180991999999996,2821600
2016-09-14,47.031841,47.667961,46.621441,47.462761,46.583794,2957200
2016-09-15,47.278079999999996,47.770561,47.278079999999996,47.401199,46.523365000000005,2129400
2016-09-16,47.237041,47.565360999999996,47.093399,47.257560999999995,46.382393,2340700
2016-09-19,47.442242,47.709,47.113918,47.237041,46.362251,1670000
2016-09-20,47.462761,48.139919,47.421719,47.832119,46.946312,2565300
2016-09-21,47.8116,47.893681,47.011318,47.832119,46.946312,4356200
2016-09-22,48.057838000000004,48.570839,48.0168,48.365639,47.469952,2025100
2016-09-23,48.098881,48.632401,48.057838000000004,48.4272,47.530373,1511500
2016-09-26,47.996281,48.160439000000004,47.031841,47.093399,46.221272,3066400
2016-09-27,47.17548,47.503799,47.093399,47.319117999999996,46.442809999999994,1780400
2016-09-28,47.48328,47.626919,46.662479,46.908718,46.040012,6334200
2016-09-29,46.785599,47.401199,46.498321999999995,46.826640999999995,45.95945,4898900
2016-09-30,46.888199,47.442242,46.785599,47.052361,46.180991999999996,2799400
2016-10-03,47.07288,47.38068,46.826640999999995,46.94976,46.080292,1738500
2016-10-04,47.154961,47.278079999999996,46.621441,46.847159999999995,45.979588,3495500
2016-10-05,46.806121999999995,47.031841,46.539359999999995,46.662479,45.798332,2435700
2016-10-06,46.682999,46.826640999999995,46.00584,46.231559999999995,45.375393,3090600
2016-10-07,46.252078999999995,46.518840999999995,45.821159,46.02636,45.173992,1582100
2016-10-10,46.293121,47.093399,46.231559999999995,46.847159999999995,45.979588,3368100
2016-10-11,46.724041,46.847159999999995,46.169998,46.272597999999995,45.415665000000004,3558100
2016-10-12,46.313641,46.806121999999995,46.169998,46.682999,45.818474,3019600
2016-10-13,46.12896,46.929241,45.636478000000004,46.621441,45.758049,3303100
2016-10-14,46.785599,47.360161,46.724041,46.970279999999995,46.100429999999996,4657800
2016-10-17,46.806121999999995,47.237041,46.64196,46.682999,45.818474,2450800
2016-10-18,47.113918,47.442242,46.847159999999995,47.257560999999995,46.382393,2298000
2016-10-19,47.462761,47.873160999999996,47.257560999999995,47.401199,46.523365000000005,1922200
2016-10-20,47.401199,47.544841999999996,46.847159999999995,47.195999,46.321968,3499100
2016-10-21,46.990798999999996,47.421719,46.682999,47.011318,46.140709,2714000
2016-10-24,48.263039,48.755520000000004,46.990798999999996,47.07288,46.20113,9890900
2016-10-25,46.765079,47.011318,46.43676,46.64196,45.778187,3552500
2016-10-26,45.36972,46.00584,45.144001,45.80064,44.952453999999996,7565400
2016-10-27,44.733601,45.882721000000004,44.733601,45.657001,44.811481,5190400
2016-10-28,45.69804,46.00584,45.328678000000004,45.657001,44.811481,3663600
2016-10-31,46.375198,46.580399,46.10844,46.375198,45.516365,5513100
2016-11-01,46.682999,46.682999,45.451801,46.046879,45.19413,3070700
2016-11-02,46.046879,46.559878999999995,45.69804,45.759602,44.912178000000004,3854400
2016-11-03,45.985321,46.682999,45.657001,45.718559,44.871895,3421600
2016-11-04,45.677521,46.724041,45.677521,46.354679,45.496227000000005,4480200
2016-11-07,46.888199,47.07288,46.662479,47.011318,46.140709,3188900
2016-11-08,46.293121,48.160439000000004,46.02636,47.8116,46.996151,3854000
2016-11-09,47.360161,48.693958,46.539359999999995,48.447720000000004,47.621418,4268600
2016-11-10,48.406681,48.55032,47.934719,48.139919,47.318871,10535500
2016-11-11,48.242519,48.693958,48.078362,48.65292,47.82312,3629900
2016-11-14,48.817081,50.273998,48.5298,49.90464,49.053492999999996,6655800
2016-11-15,49.90464,50.356079,49.781521000000005,50.253479,49.396381,3906100
2016-11-16,50.089321000000005,50.828041,50.089321000000005,50.376598,49.517395,4199800
2016-11-17,50.376598,50.643359999999994,49.925159,50.417640999999996,49.557739,5008500
2016-11-18,50.438159999999996,50.561279,49.966202,50.109840000000005,49.255184,3329400
2016-11-21,50.33556,50.581799,50.171397999999996,50.54076,49.678757,3861000
2016-11-22,50.663879,51.033241,50.561279,50.992199,50.122498,3022400
2016-11-23,50.97168,51.423119,50.622840999999994,51.361561,50.485561,3400900
2016-11-25,51.505199,52.2234,51.443642,51.936119,51.050323,1087600
2016-11-28,51.648842,51.854038,50.889599,50.910118,50.041821,5419300
2016-11-29,51.07428,51.566761,50.828041,50.910118,50.041821,5103800
2016-11-30,50.889599,51.58728,50.561279,51.443642,50.566246,5181500
2016-12-01,51.68988,52.079762,51.258961,51.730919,50.848618,8746500
2016-12-02,51.628319,52.059238,51.525719,51.833519,50.949478000000006,4477200
2016-12-05,52.96212,53.639278000000004,52.510681000000005,53.536678,52.62358100000001,8980200
2016-12-06,53.70084,54.049679000000005,53.372519999999994,53.988121,53.067326,7967500
2016-12-07,54.090720999999995,55.978561,53.885521,55.48608,54.539733999999996,8609200
2016-12-08,55.506599,56.060638,53.741879000000004,53.84447900000001,52.926131999999996,5862200
2016-12-09,54.13176,55.055161,53.885521,54.419041,53.490894,3599500
2016-12-12,53.988121,54.172798,52.797957999999994,53.331478000000004,52.421883,6675000
2016-12-13,53.577721,54.254879,53.454601000000004,54.13176,53.208511,4144100
2016-12-14,54.234359999999995,55.17828000000001,53.967602,54.74736,53.813614,7132900
2016-12-15,55.362961,56.20428100000001,55.014118,56.040119,55.084328,7545700
2016-12-16,56.183762,56.573639,55.773361,56.491562,55.528068999999995,8102200
2016-12-19,56.5326,57.189240000000005,56.368439,56.840401,55.87096,10293100
2016-12-20,56.963519999999995,57.353401,56.696757999999996,56.922481999999995,55.95164499999999,6540700
2016-12-21,57.107158999999996,57.353401,56.819881,56.90195799999999,55.931465,5141400
2016-12-22,56.984039,57.209759,56.1222,56.3274,55.366707,3401400
2016-12-23,56.20428100000001,56.43,56.0196,56.163239000000004,55.205344999999994,1534900
2016-12-27,56.45052,56.655719999999995,56.1222,56.286362,55.32637,3147300
2016-12-28,56.471039000000005,56.55311999999999,55.445042,55.506599,54.559898,5389400
2016-12-29,55.670761,55.999081000000004,55.301398999999996,55.917,54.963303,1376100
2016-12-30,55.917,56.1222,55.465561,55.8144,54.86245699999999,2213200
2017-01-03,56.573639,56.676239,55.403999,56.20428100000001,55.245686,3328000
2017-01-04,57.299999,59.759997999999996,57.299999,58.0,57.010777000000004,5614500
2017-01-05,58.060001,58.419998,56.84,57.32,56.342381,5122200
2017-01-06,57.18,57.560001,56.23,57.470001,56.489822,3359000
2017-01-09,57.299999,57.299999,56.48,56.959998999999996,55.988518000000006,3921800
2017-01-10,56.959998999999996,57.0,55.779999,56.02,55.064541000000006,3384700
2017-01-11,55.759997999999996,56.310001,55.709998999999996,56.0,55.044891,2781500
2017-01-12,56.110001000000004,56.299999,55.0,55.400002,54.455124,7378600
2017-01-13,55.57,56.25,55.48,56.220001,55.261139,3058600
2017-01-17,56.32,56.32,55.68,56.09,55.133354000000004,2828900
2017-01-18,56.130001,56.950001,56.02,56.950001,55.978687,2854600
2017-01-19,57.490002000000004,57.91,57.279999,57.5,56.51931,4200900
2017-01-20,57.540001000000004,58.080002,57.540001000000004,57.700001,56.7159,2350500
2017-01-23,57.709998999999996,57.84,57.189999,57.75,56.765041000000004,2315200
2017-01-24,58.009997999999996,58.299999,57.709998999999996,58.099998,57.109077,1857100
2017-01-25,58.099998,58.939999,58.099998,58.779999,57.777473,1993100
2017-01-26,59.049999,59.27,58.68,58.75,57.74799300000001,2989000
2017-01-27,58.869999,59.0,58.470001,58.549999,57.551398999999996,1336000
2017-01-30,58.240002000000004,58.380001,57.630001,58.040001000000004,57.050098,1719500
2017-01-31,57.77,57.959998999999996,57.57,57.580002,56.597942,2273900
2017-02-01,57.93,58.110001000000004,57.23,57.349998,56.371864,3689900
2017-02-02,57.529999,57.689999,57.130001,57.299999,56.322716,2620000
2017-02-03,57.330002,57.82,57.299999,57.799999,56.814186,1353200
2017-02-06,57.560001,58.23,57.389998999999996,57.720001,56.735554,1710400
2017-02-07,57.98,58.240002000000004,57.630001,57.810001,56.824024,2061400
2017-02-08,57.720001,58.43,57.470001,58.259997999999996,57.26635,1024900
2017-02-09,58.259997999999996,58.919998,58.189999,58.639998999999996,57.639862,1476800
2017-02-10,58.84,58.84,58.48,58.689999,57.689011,1191000
2017-02-13,58.869999,59.169998,58.639998999999996,58.849998,57.84628299999999,1915300
2017-02-14,58.790001000000004,58.91,58.419998,58.470001,57.472767000000005,2317300
2017-02-15,58.419998,59.84,57.5,59.459998999999996,58.445877,4716200
2017-02-16,59.540001000000004,60.490002000000004,59.139998999999996,59.240002000000004,58.22963299999999,3145300
2017-02-17,59.029999,59.029999,58.060001,58.5,57.502251,2778200
2017-02-21,58.650002,58.650002,57.98,58.02,57.030441,2058800
2017-02-22,57.869999,58.139998999999996,57.599998,57.849998,56.863342,2581000
2017-02-23,58.09,58.209998999999996,57.119999,57.209998999999996,56.234249,1614900
2017-02-24,57.32,58.009997999999996,57.18,57.779999,56.794532999999994,1511300
2017-02-27,57.77,58.099998,57.41,58.02,57.030441,1396000
2017-02-28,58.040001000000004,58.18,57.049999,57.200001,56.224430000000005,2634800
2017-03-01,57.889998999999996,58.189999,57.52,57.700001,56.7159,2753700
2017-03-02,57.52,58.34,57.34,58.169998,57.177879000000004,2835800
2017-03-03,57.720001,57.790001000000004,56.470001,57.75,56.765041000000004,3303400
2017-03-06,57.439999,57.599998,56.970001,57.310001,56.332545999999994,1804300
2017-03-07,57.220001,57.220001,56.299999,56.639998999999996,55.673973,2394200
2017-03-08,56.93,56.990002000000004,56.27,56.290001000000004,55.476864,2710800
2017-03-09,56.310001,56.610001000000004,55.790001000000004,55.84,55.033363,1606800
2017-03-10,56.07,56.5,55.939999,56.48,55.66412,2443200
2017-03-13,56.5,57.52,56.419998,57.509997999999996,56.679237,1811900
2017-03-14,57.34,57.5,57.07,57.290001000000004,56.462425,1818300
2017-03-15,57.450001,58.369999,57.380001,58.150002,57.309993999999996,1993500
2017-03-16,58.209998999999996,58.799999,58.07,58.209998999999996,57.369125,1580700
2017-03-17,58.59,58.650002,57.84,57.919998,57.083317,1267500
2017-03-20,57.919998,58.09,57.310001,57.5,56.669388,999800
2017-03-21,57.889998999999996,58.349998,56.630001,56.689999,55.871086,2149600
2017-03-22,56.619999,57.830002,56.389998999999996,57.700001,56.866501,1514500
2017-03-23,57.810001,58.810001,57.700001,58.32,57.477534999999996,1996900
2017-03-24,58.369999,58.790001000000004,58.040001000000004,58.310001,57.467681999999996,1066700
2017-03-27,57.959998999999996,58.029999,57.330002,57.849998,57.014328000000006,2572000
2017-03-28,57.919998,59.099998,57.549999,58.669998,57.822479,1871500
2017-03-29,58.439999,58.959998999999996,58.349998,58.610001000000004,57.763355000000004,1549100
2017-03-30,58.619999,59.439999,58.599998,58.77,57.921040000000005,1965400
2017-03-31,58.66,59.18,58.360001000000004,58.459998999999996,57.615517000000004,2283900
2017-04-03,57.869999,58.450001,57.049999,57.619999,56.787651000000004,3273200
2017-04-04,57.41,57.529999,56.759997999999996,57.07,56.245594,2188500
2017-04-05,57.310001,57.689999,56.689999,56.75,55.930218,2314200
2017-04-06,56.990002000000004,57.119999,56.540001000000004,57.099998,56.275162,1107200
2017-04-07,57.080002,57.080002,55.91,56.599998,55.782379000000006,3066200
2017-04-10,57.349998,57.549999,56.880001,57.18,56.354004,2651000
2017-04-11,57.349998,57.540001000000004,56.939999,57.48,56.64966999999999,1369500
2017-04-12,57.619999,57.630001,57.16,57.419998,56.590538,1929600
2017-04-13,57.389998999999996,57.759997999999996,57.099998,57.110001000000004,56.285022999999995,2129200
2017-04-17,57.34,57.48,56.950001,57.330002,56.501839000000004,1965800
2017-04-18,57.099998,57.400002,56.240002000000004,56.860001000000004,56.038628,1730100
2017-04-19,57.169998,57.360001000000004,56.66,56.919998,56.097758999999996,1939800
2017-04-20,57.09,57.849998,56.279999,57.59,56.75808000000001,5217200
2017-04-21,57.639998999999996,57.639998999999996,57.150002,57.349998,56.521549,1197800
2017-04-24,58.0,58.169998,57.77,58.040001000000004,57.201584,2150700
2017-04-25,58.200001,58.73,58.119999,58.540001000000004,57.694366,1330000
2017-04-26,58.380001,61.02,58.279999,60.599998,59.724602000000004,4502400
2017-04-27,60.740002000000004,60.740002000000004,59.880001,60.240002000000004,59.369808,1695400
2017-04-28,60.360001000000004,60.369999,58.41,58.970001,58.118149,3223000
2017-05-01,59.400002,60.049999,58.900002,59.32,58.46309300000001,2957200
2017-05-02,61.459998999999996,61.82,59.959998999999996,61.490002000000004,60.601749,4208800
2017-05-03,61.450001,61.869999,60.759997999999996,61.0,60.118828,2471700
2017-05-04,61.150002,61.290001000000004,60.119999,60.5,59.626049,2316300
2017-05-05,60.68,61.119999,60.669998,61.07,60.187813,2605500
2017-05-08,61.07,61.400002,60.509997999999996,60.68,59.803447999999996,2005800
2017-05-09,61.799999,63.41,61.639998999999996,62.330002,61.429615000000005,3562100
2017-05-10,62.16,62.400002,61.59,62.119999,61.37033100000001,1954500
2017-05-11,61.799999,62.360001000000004,61.509997999999996,62.209998999999996,61.459247999999995,1348800
2017-05-12,62.099998,62.310001,61.849998,62.099998,61.350574,1163800
2017-05-15,62.240002000000004,62.75,62.110001000000004,62.619999,61.864295999999996,2124900
2017-05-16,62.689999,62.869999,62.16,62.43,61.676593999999994,2114800
2017-05-17,61.82,61.880001,61.02,61.299999,60.560233999999994,1765200
2017-05-18,61.299999,62.810001,60.959998999999996,62.439999,61.686474,2239500
2017-05-19,62.799999,64.050003,62.619999,63.849998,63.07945600000001,2605400
2017-05-22,63.779999,65.32,63.669998,65.25,64.46257,3643600
2017-05-23,65.5,66.389999,64.910004,65.489998,64.69966099999999,4021800
2017-05-24,65.769997,66.290001,65.099998,65.480003,64.689789,3024100
2017-05-25,65.760002,66.110001,65.129997,65.129997,64.344002,2766600
2017-05-26,65.160004,65.550003,64.940002,65.339996,64.551476,1445800
2017-05-30,65.260002,65.699997,65.129997,65.540001,64.749054,1104500
2017-05-31,65.849998,66.58000200000001,65.349998,66.470001,65.667839,3402000
2017-06-01,66.709999,67.5,66.32,66.639999,65.83577700000001,2001900
2017-06-02,66.970001,67.540001,66.529999,67.410004,66.596497,1590400
2017-06-05,67.66999799999999,67.790001,66.970001,66.989998,66.181564,1599200
2017-06-06,66.58000200000001,66.709999,65.550003,65.760002,64.966408,1999400
2017-06-07,65.760002,66.269997,65.41999799999999,66.150002,65.3517,2661200
2017-06-08,65.260002,65.5,64.660004,65.019997,64.235336,8180400
2017-06-09,65.349998,65.860001,64.019997,64.75,63.968601,7990900
2017-06-12,66.309998,66.459999,65.25,65.849998,65.05532099999999,10162800
2017-06-13,66.139999,66.690002,66.019997,66.449997,65.648071,5087200
2017-06-14,66.620003,66.860001,65.879997,66.25,65.45049300000001,7387200
2017-06-15,65.809998,66.989998,65.529999,66.849998,66.04325899999999,4511100
2017-06-16,67.269997,67.290001,66.400002,66.410004,65.608582,33236400
2017-06-19,66.589996,67.309998,66.300003,66.839996,66.033371,4391000
2017-06-20,67.040001,67.07,65.690002,65.879997,65.08496099999999,4031600
2017-06-21,66.300003,66.349998,65.279999,65.599998,64.808334,3997000
2017-06-22,65.449997,65.470001,64.889999,65.199997,64.413162,2623500
2017-06-23,65.099998,65.559998,64.760002,65.400002,64.610748,3110900
2017-06-26,65.379997,65.550003,64.980003,65.230003,64.44281,1736200
2017-06-27,65.050003,65.099998,63.419998,63.450001,62.684288,3272200
2017-06-28,63.799999,64.07,63.169998,63.360001000000004,62.59537099999999,2607000
2017-06-29,63.25,63.34,61.66,62.25,61.498771999999995,3666800
2017-06-30,62.650002,62.91,61.82,61.849998,61.103592000000006,3556000
2017-07-03,61.98,62.080002,61.299999,61.310001,60.570114000000004,1967400
2017-07-05,61.310001,61.799999,60.740002000000004,61.509997999999996,60.76769300000001,3681400
2017-07-06,61.02,61.540001000000004,60.619999,61.080002,60.342888,2926200
2017-07-07,61.209998999999996,62.009997999999996,61.02,61.759997999999996,61.014683,4443300
2017-07-10,61.759997999999996,62.290001000000004,61.630001,62.200001,61.449375,4126300
2017-07-11,61.889998999999996,62.610001000000004,61.82,62.459998999999996,61.706233999999995,5848800
2017-07-12,62.799999,62.970001,61.84,61.93,61.182625,2444000
2017-07-13,62.040001000000004,62.380001,61.779999,62.080002,61.330822,1780200
2017-07-14,61.959998999999996,62.540001000000004,61.75,62.450001,61.696358,3466500
2017-07-17,62.400002,62.880001,62.18,62.619999,61.864295999999996,1403100
2017-07-18,62.560001,62.900002,62.330002,62.490002000000004,61.73587,2219600
2017-07-19,62.439999,62.650002,62.09,62.119999,61.37033100000001,1810300
2017-07-20,62.110001000000004,62.23,61.509997999999996,62.009997999999996,61.261658,2172100
2017-07-21,61.880001,62.490002000000004,61.84,62.470001,61.716114000000005,1871200
2017-07-24,62.5,62.790001000000004,61.990002000000004,62.009997999999996,61.261658,1923400
2017-07-25,62.32,63.130001,61.720001,63.080002,62.318752,3711500
2017-07-26,63.900002,64.660004,62.029999,62.52,61.76550699999999,6574700
2017-07-27,62.830002,62.830002,61.75,62.560001,61.80503100000001,2882500
2017-07-28,62.23,62.75,62.23,62.459998999999996,61.706233999999995,1184800
2017-07-31,62.810001,62.869999,62.290001000000004,62.529999,61.775391000000006,2068100
2017-08-01,62.880001,63.349998,62.439999,62.77,62.012489,2659200
2017-08-02,62.689999,63.580002,61.279999,61.98,61.232025,2185900
2017-08-03,62.099998,62.650002,62.0,62.130001,61.380219,1957400
2017-08-04,62.310001,63.130001,62.139998999999996,62.98,62.219958999999996,2891400
2017-08-07,63.34,63.869999,63.02,63.77,63.000423,3245100
2017-08-08,62.84,63.18,61.740002000000004,62.080002,61.330822,2852100
2017-08-09,61.759997999999996,61.799999,60.990002000000004,61.369999,60.629387,2983200
2017-08-10,60.990002000000004,61.41,60.650002,61.0,60.26385500000001,2226600
2017-08-11,60.919998,61.560001,60.77,61.299999,60.560233999999994,1682900
2017-08-14,61.869999,61.939999,61.32,61.75,61.00480699999999,2410300
2017-08-15,61.970001,62.400002,61.619999,62.209998999999996,61.459247999999995,2022800
2017-08-16,62.299999,62.759997999999996,62.099998,62.439999,61.835567000000005,2149400
2017-08-17,62.029999,62.389998999999996,60.68,60.82,60.231255000000004,2701800
2017-08-18,60.720001,61.529999,60.540001000000004,61.060001,60.46893299999999,2654300
2017-08-21,61.209998999999996,61.900002,61.099998,61.779999,61.181965000000005,1689200
2017-08-22,61.880001,63.369999,61.799999,63.32,62.70705400000001,1820200
2017-08-23,62.889998999999996,63.400002,62.720001,63.119999,62.508987,1286000
2017-08-24,63.470001,63.720001,62.84,62.91,62.301021999999996,1445800
2017-08-25,63.16,63.709998999999996,63.009997999999996,63.48,62.865501,1365000
2017-08-28,63.720001,63.77,62.919998,63.169998,62.558502000000004,1517800
2017-08-29,62.82,63.0,62.529999,62.889998999999996,62.281216,1795400
2017-08-30,62.93,64.800003,62.810001,64.32,63.697376,2070500
2017-08-31,64.33000200000001,64.760002,64.029999,64.33000200000001,63.707275,2797900
2017-09-01,64.699997,64.870003,64.279999,64.589996,63.96475600000001,1273100
2017-09-05,64.41999799999999,64.459999,62.900002,63.599998,62.984341,2696600
2017-09-06,63.799999,64.0,63.290001000000004,63.669998,63.053665,1495600
2017-09-07,63.880001,64.16999799999999,63.529999,63.889998999999996,63.271533999999996,1518000
2017-09-08,63.889998999999996,65.339996,63.740002000000004,65.139999,64.509438,2551700
2017-09-11,65.66999799999999,66.300003,65.589996,65.949997,65.311592,2604400
2017-09-12,65.980003,66.25,65.660004,66.07,65.430428,1213100
2017-09-13,65.870003,66.860001,65.83000200000001,66.68,66.034523,1863500
2017-09-14,66.599998,66.720001,65.910004,66.519997,65.876076,1726800
2017-09-15,66.459999,66.889999,66.07,66.629997,65.985016,2449200
2017-09-18,66.589996,66.809998,66.33000200000001,66.559998,65.915688,2207000
2017-09-19,66.559998,67.07,66.209999,66.889999,66.24249300000001,1977200
2017-09-20,67.019997,67.360001,66.639999,67.040001,66.39104499999999,1440800
2017-09-21,66.989998,67.519997,66.82,67.339996,66.688148,1184600
2017-09-22,67.339996,68.370003,67.18,68.190002,67.529907,2072700
2017-09-25,68.190002,69.349998,67.980003,68.709999,68.044876,2245600
2017-09-26,69.08000200000001,69.519997,68.800003,69.5,68.827225,2773200
2017-09-27,69.690002,69.739998,68.690002,69.110001,68.441002,1930400
2017-09-28,69.029999,69.550003,68.970001,69.360001,68.688583,1485200
2017-09-29,68.949997,69.449997,68.440002,69.449997,68.77771,7072200
2017-10-02,69.25,69.690002,69.160004,69.43,68.757912,2902500
2017-10-03,69.489998,69.510002,68.720001,68.860001,68.193428,2494000
2017-10-04,68.870003,69.029999,68.599998,68.910004,68.24295,1905900
2017-10-05,68.940002,69.610001,68.800003,69.370003,68.698494,2302300
2017-10-06,69.360001,69.699997,69.199997,69.480003,68.807434,1987600
2017-10-09,69.5,69.970001,69.459999,69.660004,68.98568,1358300
2017-10-10,69.800003,69.970001,69.510002,69.91999799999999,69.24316400000001,1799700
2017-10-11,70.0,70.349998,69.83000200000001,70.220001,69.54026,3004100
2017-10-12,70.150002,70.5,69.839996,70.379997,69.698715,2080900
2017-10-13,70.58000200000001,71.379997,70.400002,71.160004,70.471161,2326200
2017-10-16,71.089996,71.260002,70.620003,71.129997,70.441452,1904000
2017-10-17,71.040001,71.220001,70.720001,71.220001,70.530586,1549200
2017-10-18,71.540001,71.540001,70.879997,71.059998,70.37213100000001,2171600
2017-10-19,70.949997,71.120003,70.33000200000001,71.099998,70.411743,2170400
2017-10-20,71.370003,71.410004,70.519997,71.040001,70.35231800000001,1726400
2017-10-23,71.269997,71.269997,70.389999,70.41999799999999,69.73831899999999,1402300
2017-10-24,70.790001,71.160004,70.529999,71.139999,70.451355,3208200
2017-10-25,71.160004,71.410004,70.809998,71.32,70.629616,2611800
2017-10-26,72.099998,72.93,70.900002,72.480003,71.77838100000001,3318400
2017-10-27,71.800003,72.809998,71.589996,71.910004,71.213898,2916400
2017-10-30,71.760002,72.82,71.699997,72.650002,71.946747,2571500
2017-10-31,72.650002,72.849998,72.25,72.279999,71.580322,2688300
2017-11-01,72.93,73.08000200000001,72.370003,72.440002,71.73877,1871000
2017-11-02,72.970001,73.309998,71.889999,72.440002,71.73877,1924600
2017-11-03,72.379997,73.16999799999999,72.33000200000001,73.160004,72.451797,1653400
2017-11-06,72.589996,73.449997,72.589996,73.389999,72.679581,1352500
2017-11-07,73.400002,73.760002,72.550003,72.610001,71.907127,1809000
2017-11-08,72.66999799999999,73.449997,72.360001,72.900002,72.194321,1473500
2017-11-09,72.400002,72.760002,71.699997,72.050003,71.352547,2326400
2017-11-10,72.220001,72.83000200000001,71.629997,72.690002,71.986359,2117700
2017-11-13,72.449997,72.720001,72.25,72.620003,71.91703000000001,1819800
2017-11-14,71.93,72.970001,71.870003,72.910004,72.204224,1810500
2017-11-15,72.529999,73.68,72.190002,73.379997,72.669662,2939000
2017-11-16,73.75,74.309998,73.279999,74.019997,73.453621,1829100
2017-11-17,74.050003,74.440002,73.959999,74.110001,73.54293100000001,2443900
2017-11-20,74.16999799999999,74.629997,74.050003,74.309998,73.74140200000001,1152800
2017-11-21,74.760002,76.220001,74.75,75.639999,75.061226,2922700
2017-11-22,75.709999,76.129997,75.190002,75.68,75.100922,1404200
2017-11-24,75.779999,75.900002,75.470001,75.760002,75.180313,470400
2017-11-27,75.760002,76.160004,75.66999799999999,76.0,75.41848,1407000
2017-11-28,76.050003,76.529999,75.75,76.129997,75.547485,1887600
2017-11-29,76.129997,76.900002,76.029999,76.559998,75.97419000000001,1874500
2017-11-30,76.57,77.790001,76.129997,77.559998,76.966537,2553700
2017-12-01,77.269997,77.91999799999999,76.25,77.25,76.658913,2164600
2017-12-04,78.029999,78.620003,77.519997,77.660004,77.065773,2348600
2017-12-05,77.699997,78.309998,77.610001,77.629997,77.035995,1493500
2017-12-06,77.75,77.860001,76.629997,76.75,76.162743,1435000
2017-12-07,76.83000200000001,77.389999,76.599998,77.279999,76.688683,2254400
2017-12-08,77.610001,78.400002,77.5,78.379997,77.78025799999999,2142500
2017-12-11,78.160004,78.300003,77.25,77.470001,76.87722,1589800
2017-12-12,77.57,77.58000200000001,76.93,77.0,76.41082800000001,2246600
2017-12-13,77.220001,77.620003,76.739998,76.75,76.162743,2245600
2017-12-14,77.089996,77.089996,76.010002,76.019997,75.438316,1739500
2017-12-15,76.440002,77.370003,76.279999,77.089996,76.50013,3694500
2017-12-18,77.489998,78.57,77.379997,78.089996,77.49247700000001,2275100
2017-12-19,78.389999,78.459999,77.629997,77.809998,77.21462199999999,1449000
2017-12-20,77.91999799999999,78.629997,77.559998,78.349998,77.750488,1327500
2017-12-21,78.489998,79.949997,78.489998,79.370003,78.762688,2047100
2017-12-22,79.379997,79.699997,79.25,79.349998,78.74284399999999,1415700
2017-12-26,79.400002,79.959999,79.260002,79.370003,78.762688,909600
2017-12-27,79.459999,80.379997,79.32,80.150002,79.536728,939200
2017-12-28,80.18,80.540001,80.0,80.449997,79.834419,828900
2017-12-29,80.790001,80.940002,79.839996,79.860001,79.24894,1514100
2018-01-02,80.279999,80.339996,78.93,79.68,79.07032,1701500
2018-01-03,79.809998,80.900002,79.620003,80.849998,80.23136099999999,1425600
2018-01-04,80.860001,81.230003,80.230003,80.25,79.63595600000001,1548200
2018-01-05,80.239998,80.239998,78.910004,79.290001,78.683304,2273600
2018-01-08,80.300003,81.059998,79.529999,80.940002,80.320679,2483100
2018-01-09,81.110001,82.07,80.970001,81.93,81.303101,1354800
2018-01-10,81.660004,82.110001,81.389999,81.650002,81.025238,1745500
2018-01-11,81.980003,83.220001,81.639999,83.07,82.43438,3886400
2018-01-12,83.25,84.709999,83.099998,83.949997,83.307648,1870000
2018-01-16,84.57,84.989998,82.980003,83.400002,82.761864,1530600
2018-01-17,82.900002,84.510002,82.900002,84.029999,83.387024,1440300
2018-01-18,84.18,84.82,83.910004,83.949997,83.307648,1314400
2018-01-19,84.639999,86.050003,84.480003,85.489998,84.835854,2206800
2018-01-22,85.41999799999999,85.790001,85.019997,85.769997,85.113708,1541400
2018-01-23,85.690002,86.980003,85.57,86.529999,85.867897,1632600
2018-01-24,86.800003,86.989998,85.129997,85.790001,85.13356800000001,2134200
2018-01-25,86.040001,86.75,85.400002,86.629997,85.96713299999999,1467800
2018-01-26,86.940002,87.690002,86.33000200000001,87.690002,87.019035,944700
2018-01-29,87.440002,88.110001,87.029999,87.279999,86.61216,1599100
2018-01-30,86.5,87.43,86.360001,86.410004,85.748825,1678600
2018-01-31,86.519997,87.0,85.629997,85.650002,84.994637,1857400
2018-02-01,85.33000200000001,86.290001,85.099998,85.760002,85.103806,2139900
2018-02-02,85.550003,85.800003,82.309998,82.650002,82.017593,2718400
2018-02-05,82.129997,83.010002,79.82,79.910004,79.29856099999999,2386200
2018-02-06,78.58000200000001,80.970001,77.779999,80.690002,80.072586,4634700
2018-02-07,80.989998,83.279999,80.540001,82.019997,81.39241,3526600
2018-02-08,81.949997,82.370003,78.639999,78.660004,78.058121,5065800
2018-02-09,79.230003,81.230003,77.559998,80.43,79.814575,3239100
2018-02-12,80.910004,82.160004,80.589996,81.82,81.193947,2435900
2018-02-13,81.739998,83.57,81.660004,83.209999,82.573311,2515600
2018-02-14,82.120003,87.110001,82.010002,85.970001,85.312187,3946800
2018-02-15,86.089996,86.309998,84.33000200000001,84.559998,83.912979,3023900
2018-02-16,84.459999,84.720001,83.260002,83.269997,82.632851,2543100
2018-02-20,82.730003,84.699997,82.730003,84.309998,83.664886,1977800
2018-02-21,84.43,86.440002,84.260002,84.290001,83.645042,1772100
2018-02-22,84.739998,84.900002,83.120003,83.379997,82.742012,1863500
2018-02-23,83.75,83.970001,83.08000200000001,83.809998,83.168701,1565700
2018-02-26,84.029999,84.290001,82.129997,82.139999,81.51149699999999,2888400
2018-02-27,82.360001,82.620003,79.809998,79.839996,79.229095,3865900
2018-02-28,80.400002,82.08000200000001,79.779999,80.790001,80.171829,4025700
2018-03-01,80.510002,80.660004,78.790001,79.349998,78.889313,2515200
2018-03-02,78.730003,79.120003,77.230003,78.900002,78.44193299999999,2814000
2018-03-05,78.290001,78.690002,77.08000200000001,78.220001,77.765877,2719000
2018-03-06,78.620003,79.370003,78.410004,78.940002,78.481697,2230600
2018-03-07,78.25,79.32,78.129997,79.199997,78.740181,1459500
2018-03-08,79.529999,79.889999,79.0,79.209999,78.75012199999999,2322800
2018-03-09,80.010002,81.800003,79.709999,81.470001,80.99700899999999,2912800
2018-03-12,81.519997,81.709999,80.690002,81.129997,80.658974,1836800
2018-03-13,81.41999799999999,81.82,81.059998,81.25,80.77828199999999,1641600
2018-03-14,81.470001,81.540001,81.050003,81.239998,80.768341,1594300
2018-03-15,81.400002,82.25,81.050003,81.889999,81.41456600000001,2285800
2018-03-16,82.0,82.540001,81.440002,81.510002,81.036774,2204400
2018-03-19,81.309998,81.760002,80.879997,81.300003,80.827995,2027200
2018-03-20,81.610001,82.129997,81.269997,81.349998,80.877701,1028300
2018-03-21,81.300003,82.220001,81.190002,81.839996,81.364853,1233200
2018-03-22,81.25,81.599998,80.410004,80.440002,79.972992,3031600
2018-03-23,80.489998,80.559998,78.059998,78.16999799999999,77.716164,1682800
2018-03-26,79.040001,80.08000200000001,78.449997,79.980003,79.515656,1278200
2018-03-27,80.160004,80.550003,78.480003,78.790001,78.332565,1585700
2018-03-28,78.739998,78.959999,77.790001,78.309998,77.855354,2199000
2018-03-29,78.769997,79.529999,78.470001,78.760002,78.30275,2481600
2018-04-02,78.720001,79.040001,75.660004,77.07,76.622551,2722000
2018-04-03,77.5,77.940002,76.610001,77.529999,77.07988,2575600
2018-04-04,76.370003,78.33000200000001,76.33000200000001,78.029999,77.576981,3074700
2018-04-05,77.230003,79.370003,75.949997,79.040001,78.581108,6840100
2018-04-06,78.690002,79.290001,76.68,77.510002,77.060005,3295400
2018-04-09,76.839996,79.489998,76.0,76.150002,75.707886,7557400
2018-04-10,76.739998,76.790001,74.610001,75.010002,74.574516,11745800
2018-04-11,77.389999,80.349998,77.040001,79.610001,79.14780400000001,52096400
2018-04-12,80.389999,80.940002,79.339996,79.949997,79.485817,10665700
2018-04-13,80.489998,81.33000200000001,78.25,79.610001,79.14780400000001,14439600
2018-04-16,80.089996,80.66999799999999,79.599998,80.529999,80.062462,4265300
2018-04-17,81.449997,82.410004,80.690002,81.160004,80.688805,3844200
2018-04-18,81.66999799999999,82.989998,81.529999,82.18,81.702881,3523800
2018-04-19,82.0,82.800003,81.690002,81.980003,81.504051,2552100
2018-04-20,82.050003,82.66999799999999,81.660004,82.33000200000001,81.852013,2257600
2018-04-23,82.279999,82.529999,81.82,82.089996,81.613403,1795400
2018-04-24,82.599998,83.120003,80.879997,82.040001,81.563698,4170200
2018-04-25,81.720001,82.349998,81.349998,81.83000200000001,81.354919,2865400
2018-04-26,81.93,82.790001,80.480003,81.93,81.454338,5691200
2018-04-27,82.349998,82.57,79.989998,80.16999799999999,79.704544,4380100
2018-04-30,80.300003,80.739998,78.790001,78.839996,78.382271,3476400
2018-05-01,78.760002,80.309998,78.660004,80.239998,79.774147,3243800
2018-05-02,79.959999,80.660004,79.260002,79.449997,78.988731,2916700
2018-05-03,79.239998,80.18,78.440002,79.870003,79.406296,3083100
2018-05-04,79.599998,81.519997,79.08000200000001,81.160004,80.688805,2639600
2018-05-07,81.599998,81.599998,80.849998,81.349998,80.877701,2087600
2018-05-08,81.470001,82.650002,80.91999799999999,82.43,81.951431,3219600
2018-05-09,82.970001,83.199997,81.610001,82.849998,82.368996,2410400
2018-05-10,83.160004,83.230003,82.309998,82.760002,82.42875699999999,2207800
2018-05-11,82.83000200000001,83.739998,82.470001,83.510002,83.175751,1750400
2018-05-14,83.489998,83.730003,82.730003,82.970001,82.637917,2590500
2018-05-15,82.82,83.25,82.589996,83.019997,82.687706,1908600
2018-05-16,83.120003,84.41999799999999,82.629997,84.199997,83.862984,2379200
2018-05-17,84.389999,84.400002,83.129997,83.300003,82.966599,1309300
2018-05-18,83.629997,84.68,82.400002,83.839996,83.504425,8072300
2018-05-21,84.459999,84.58000200000001,83.239998,83.91999799999999,83.584114,2129700
2018-05-22,84.089996,84.25,82.620003,82.760002,82.42875699999999,1645200
2018-05-23,82.690002,82.800003,81.989998,82.33000200000001,82.000473,2283800
2018-05-24,82.480003,82.940002,81.989998,82.029999,81.701675,2888700
2018-05-25,81.849998,82.389999,81.43,81.83000200000001,81.50248,1892700
2018-05-29,80.970001,81.57,80.010002,80.33000200000001,80.008484,2184800
2018-05-30,80.849998,82.029999,80.849998,81.730003,81.402878,2049800
2018-05-31,81.599998,81.639999,80.57,80.709999,80.386963,2874200
2018-06-01,81.089996,83.110001,81.089996,82.650002,82.319199,2495200
2018-06-04,83.18,83.309998,82.279999,83.190002,82.857033,1716200
2018-06-05,82.900002,83.83000200000001,82.720001,83.07,82.737511,1911400
2018-06-06,83.040001,84.730003,82.879997,84.68,84.341072,3572900
2018-06-07,84.879997,84.879997,83.699997,84.16999799999999,83.833107,1772700
2018-06-08,84.089996,84.410004,83.400002,84.139999,83.80323,1677800
2018-06-11,84.230003,84.5,83.800003,83.989998,83.65383100000001,1792300
2018-06-12,84.5,84.879997,82.66999799999999,83.809998,83.474548,3559300
2018-06-13,84.0,84.029999,82.32,82.730003,82.398872,3605200
2018-06-14,83.120003,83.440002,82.730003,82.93,82.598076,2126300
2018-06-15,82.75,84.019997,82.33000200000001,83.839996,83.504425,2953200
2018-06-18,83.089996,84.41999799999999,83.089996,84.33000200000001,83.99247,1854400
2018-06-19,83.68,83.839996,82.050003,82.980003,82.647873,2104500
2018-06-20,83.190002,83.91999799999999,81.980003,82.010002,81.68175500000001,3178800
2018-06-21,81.91999799999999,82.309998,80.779999,81.019997,80.695717,3822800
2018-06-22,81.620003,81.720001,80.529999,80.870003,80.54632600000001,2755900
2018-06-25,80.059998,80.550003,78.68,79.269997,78.952721,3203000
2018-06-26,79.290001,79.720001,78.949997,79.190002,78.873039,3457300
2018-06-27,79.550003,79.900002,78.199997,78.260002,77.94677,3220400
2018-06-28,78.120003,78.25,76.790001,78.25,77.936806,5142900
2018-06-29,78.379997,79.989998,78.129997,79.160004,78.843163,3544900
2018-07-02,78.489998,79.309998,77.519997,79.300003,78.982605,3065800
2018-07-03,79.41999799999999,79.82,79.010002,79.449997,79.131996,1719600
2018-07-05,79.650002,79.940002,78.849998,79.690002,79.371048,3350600
2018-07-06,79.529999,81.0,79.400002,80.559998,80.23755600000001,2278500
2018-07-09,81.010002,81.68,80.559998,80.940002,80.616043,2949900
2018-07-10,80.940002,82.290001,80.879997,81.279999,80.954674,2915100
2018-07-11,80.5,81.0,80.019997,80.610001,80.287361,3803800
2018-07-12,81.0,81.129997,80.349998,81.0,80.675804,3367900
2018-07-13,80.989998,81.160004,80.66999799999999,80.970001,80.64591999999999,2124700
2018-07-16,81.18,81.18,79.790001,80.08000200000001,79.759476,2285600
2018-07-17,80.220001,81.16999799999999,79.800003,81.07,80.745522,3353300
2018-07-18,81.209999,83.25,81.209999,82.959999,82.627945,5303800
2018-07-19,83.0,83.489998,81.970001,82.139999,81.811234,2773400
2018-07-20,81.949997,82.709999,81.58000200000001,81.959999,81.631958,2435600
2018-07-23,82.0,82.260002,81.540001,81.610001,81.28335600000001,3686800
2018-07-24,81.650002,81.839996,79.68,80.489998,80.167839,4260700
2018-07-25,80.07,80.550003,77.639999,80.370003,80.048317,5891600
2018-07-26,79.91999799999999,80.690002,79.269997,79.610001,79.291359,2774500
2018-07-27,79.910004,80.209999,78.190002,78.449997,78.136002,2683400
2018-07-30,78.129997,78.599998,77.07,77.279999,76.970688,3132200
2018-07-31,77.41999799999999,78.83000200000001,77.410004,78.660004,78.345169,2744000
2018-08-01,79.199997,79.470001,78.230003,78.540001,78.225639,2667200
2018-08-02,77.860001,78.440002,77.120003,78.440002,78.12604499999999,3687600
2018-08-03,78.480003,78.589996,77.879997,78.18,77.867081,1969100
2018-08-06,78.059998,78.260002,77.57,78.129997,77.817284,3835100
2018-08-07,77.660004,78.110001,76.940002,77.599998,77.289406,3777900
2018-08-08,77.660004,78.099998,76.16999799999999,76.889999,76.582245,2935100
2018-08-09,76.839996,77.08000200000001,75.970001,76.150002,75.993462,3900600
2018-08-10,76.089996,76.41999799999999,75.389999,75.650002,75.49449200000001,3268300
2018-08-13,75.639999,76.08000200000001,74.839996,75.309998,75.15519,2928100
2018-08-14,75.620003,76.739998,75.040001,76.540001,76.38266,2763700
2018-08-15,75.91999799999999,76.389999,75.489998,76.220001,76.063316,2919400
2018-08-16,76.91999799999999,77.91999799999999,76.58000200000001,77.239998,77.081223,3373600
2018-08-17,76.529999,77.300003,75.970001,77.199997,77.041298,1964800
2018-08-20,77.190002,77.540001,76.120003,76.290001,76.133179,2430700
2018-08-21,76.220001,77.25,76.220001,76.730003,76.572273,2324900
2018-08-22,76.540001,77.410004,76.379997,77.199997,77.041298,2540500
2018-08-23,77.220001,77.41999799999999,76.5,76.769997,76.612183,3009600
2018-08-24,76.769997,77.599998,76.769997,77.110001,76.951492,2149200
2018-08-27,77.639999,78.160004,77.470001,77.760002,77.60015899999999,1865300
2018-08-28,77.93,78.010002,77.16999799999999,77.470001,77.310753,1241700
2018-08-29,77.550003,78.360001,77.379997,78.18,78.019287,1831600
2018-08-30,78.18,78.190002,77.269997,77.58000200000001,77.420525,1398100
2018-08-31,77.339996,78.040001,77.339996,77.620003,77.460442,2496900
2018-09-04,77.629997,77.699997,76.66999799999999,77.160004,77.001389,1887000
2018-09-05,76.839996,76.970001,75.68,75.720001,75.564346,3076600
2018-09-06,75.900002,76.239998,75.160004,75.690002,75.534409,4244200
2018-09-07,75.389999,76.620003,75.389999,76.440002,76.28286700000001,2974000
2018-09-10,76.790001,77.029999,76.160004,76.589996,76.432556,2029700
2018-09-11,76.290001,77.459999,76.239998,77.410004,77.250877,2774900
2018-09-12,77.25,78.07,77.059998,77.959999,77.79974399999999,3110900
2018-09-13,78.43,79.91999799999999,78.360001,78.940002,78.777733,3745600
2018-09-14,79.050003,80.220001,79.040001,80.059998,79.895424,3229500
2018-09-17,80.16999799999999,80.25,79.050003,79.099998,78.937393,3395000
2018-09-18,79.199997,79.639999,78.949997,79.389999,79.226799,2703400
2018-09-19,79.519997,80.540001,79.519997,80.43,80.264664,2327500
2018-09-20,80.660004,81.339996,80.16999799999999,81.08000200000001,80.91333,3407600
2018-09-21,81.550003,82.0,80.82,80.959999,80.793571,6804400
2018-09-24,80.690002,80.720001,79.550003,80.160004,79.995224,2265300
2018-09-25,80.400002,80.510002,79.870003,80.110001,79.94532,2533300
2018-09-26,80.279999,81.099998,79.91999799999999,80.660004,80.494194,2168200
2018-09-27,80.370003,82.18,80.33000200000001,82.040001,81.871353,2654100
2018-09-28,81.769997,81.809998,80.690002,80.779999,80.613945,4263000
2018-10-01,81.339996,81.339996,78.379997,78.389999,78.228859,4116900
2018-10-02,78.33000200000001,78.889999,77.050003,77.08000200000001,76.921555,4398400
2018-10-03,77.389999,77.57,76.5,76.550003,76.392647,4619600
2018-10-04,76.57,76.760002,74.57,75.410004,75.25499,4779400
2018-10-05,75.459999,75.790001,73.519997,74.379997,74.227097,3622200
2018-10-08,74.230003,75.029999,73.620003,74.949997,74.795929,5211700
2018-10-09,75.0,75.660004,74.779999,75.230003,75.075356,6063700
2018-10-10,74.660004,75.199997,73.300003,73.400002,73.249115,7380600
2018-10-11,73.199997,73.540001,72.07,73.099998,72.94973,5937600
2018-10-12,74.239998,74.349998,72.720001,73.620003,73.468666,3676400
2018-10-15,73.339996,73.610001,72.970001,72.989998,72.839958,2994000
2018-10-16,73.550003,74.690002,73.010002,74.629997,74.476585,1927400
2018-10-17,74.480003,74.959999,73.690002,74.519997,74.366814,1777700
2018-10-18,74.529999,74.529999,71.940002,72.050003,71.901894,3723200
2018-10-19,71.800003,72.010002,70.5,70.660004,70.51475500000001,7482000
2018-10-22,70.620003,70.970001,70.019997,70.160004,70.015778,4126100
2018-10-23,68.870003,69.449997,66.870003,68.870003,68.728432,8984600
2018-10-24,69.18,70.629997,63.759997999999996,63.82,63.688807999999995,13473000
2018-10-25,66.75,68.220001,66.010002,67.550003,67.41114,11014300
2018-10-26,67.16999799999999,69.58000200000001,66.360001,68.269997,68.129662,5634300
2018-10-29,68.91999799999999,70.019997,67.68,68.599998,68.458984,6077500
2018-10-30,68.599998,69.629997,67.860001,68.699997,68.558777,3200500
2018-10-31,69.93,72.41999799999999,69.690002,71.16999799999999,71.023697,5039300
2018-11-01,71.480003,72.959999,71.230003,72.650002,72.500656,3044300
2018-11-02,73.160004,74.120003,72.129997,72.82,72.670311,2982300
2018-11-05,72.480003,72.650002,71.760002,72.400002,72.251175,2633100
2018-11-06,71.309998,71.75,69.550003,70.589996,70.444885,3991600
2018-11-07,71.129997,72.989998,71.050003,72.970001,72.82,2263300
2018-11-08,72.489998,72.760002,71.540001,72.019997,72.019997,2369400
2018-11-09,71.709999,72.139999,70.760002,71.160004,71.160004,3249400
2018-11-12,71.160004,71.400002,70.040001,70.190002,70.190002,4186300
2018-11-13,70.660004,71.800003,70.220001,70.860001,70.860001,2346600
2018-11-14,71.559998,72.279999,70.790001,71.08000200000001,71.08000200000001,3790700
2018-11-15,70.529999,72.989998,70.349998,72.889999,72.889999,4069800
2018-11-16,72.32,73.339996,72.199997,73.040001,73.040001,4737900
2018-11-19,72.93,73.18,70.629997,71.199997,71.199997,4401500
2018-11-20,70.16999799999999,71.800003,69.809998,71.489998,71.489998,5740100
2018-11-21,71.970001,73.269997,71.57,72.57,72.57,2499500
2018-11-23,72.199997,73.449997,72.199997,73.120003,73.120003,1095300
2018-11-26,73.860001,75.239998,73.779999,75.089996,75.089996,3508400
2018-11-27,74.519997,75.879997,74.519997,75.16999799999999,75.16999799999999,5549600
2018-11-28,75.25,77.08000200000001,75.010002,76.949997,76.949997,4285900
2018-11-29,76.83000200000001,76.989998,75.839996,76.459999,76.459999,1970300
2018-11-30,75.75,76.370003,74.690002,75.540001,75.540001,4767500
2018-12-03,76.989998,78.16999799999999,76.650002,77.970001,77.970001,2836500
2018-12-04,77.58000200000001,77.800003,74.889999,75.150002,75.150002,4194200
2018-12-06,73.66999799999999,75.629997,73.309998,75.589996,75.589996,2342900
2018-12-07,75.239998,75.940002,72.379997,72.860001,72.860001,3067700
2018-12-10,73.010002,73.730003,71.5,72.66999799999999,72.66999799999999,3278000
2018-12-11,74.110001,74.41999799999999,71.989998,72.400002,72.400002,3296400
2018-12-12,73.389999,74.559998,72.709999,72.779999,72.779999,2004500
2018-12-13,73.230003,73.32,72.059998,72.220001,72.220001,1785200
2018-12-14,71.440002,73.010002,71.440002,71.860001,71.860001,2524300
2018-12-17,71.75,72.989998,69.860001,70.269997,70.269997,4462400
2018-12-18,70.790001,71.440002,70.08000200000001,70.489998,70.489998,2402000
2018-12-19,70.760002,72.110001,68.940002,69.660004,69.660004,4020800
2018-12-20,68.58000200000001,69.08000200000001,66.519997,67.5,67.5,4862900
2018-12-21,67.889999,68.529999,65.75,66.470001,66.470001,5417300
2018-12-24,66.059998,67.800003,65.639999,66.510002,66.510002,2015800
2018-12-26,66.790001,69.58000200000001,66.279999,69.510002,69.510002,2606200
2018-12-27,68.620003,70.349998,67.779999,70.33000200000001,70.33000200000001,2203300
2018-12-28,70.91999799999999,71.82,70.379997,70.949997,70.949997,2165800
