Date,Open,High,Low,Close,Adj Close,Volume
2015-10-19,10.752331,10.752331,9.578292999999999,9.618977000000001,8.884081,2721200
2015-10-20,9.444614,9.839835,9.444614,9.804963,9.055856,1220800
2015-10-21,10.025822,10.083942,9.531796,9.578292999999999,8.846506,135200
2015-10-22,9.711969999999999,9.90958,9.438803,9.851460000000001,9.098802000000001,189200
2015-10-23,10.025822,10.025822,9.793339,9.880519999999999,9.125644,102900
2015-10-26,9.944453,9.944453,9.479486999999999,9.54342,8.814297,885600
2015-10-27,9.624789,9.735218,9.066831,9.142387,8.443901,1094200
2015-10-28,9.241192,9.502735000000001,9.209226,9.462050999999999,8.739144,509700
2015-10-29,9.305125,9.456239,9.03777,9.270252000000001,8.561997999999999,499600
2015-10-30,9.241192,9.357433,8.555368,8.555368,7.901732000000001,4214100
2015-11-02,8.712294,8.816911,8.055530000000001,8.42169,7.778267,70312600
2015-11-03,8.177584,8.549555999999999,7.9480070000000005,8.346133,7.708483,69176300
2015-11-04,8.363569,8.433314,7.910228,7.939289,7.332721,54241800
2015-11-05,7.927664,8.072967,7.625437,7.718430000000001,7.128736999999999,38179900
2015-11-06,7.660309,8.415878,7.642873,8.369382,7.729957000000001,51702600
2015-11-09,8.288013000000001,8.415878,8.212456,8.25314,7.622595,30158000
2015-11-10,8.212456,8.39263,8.142711,8.375194,7.735322999999999,25426000
2015-11-11,8.25314,8.317072999999999,8.189207000000001,8.200830999999999,7.574282000000001,18942200
2015-11-12,8.026469,8.032282,7.898604,7.962536999999999,7.354194000000001,35050600
2015-11-13,7.910228,7.997408999999999,7.642873,7.782361999999999,7.187784,25678400
2015-11-16,7.770739,7.910228,7.637061,7.77655,7.182417,23712100
2015-11-17,7.77655,7.840483,7.625437,7.6835580000000006,7.096528999999999,21370500
2015-11-18,7.834671000000001,7.979972999999999,7.665539999999999,7.927664,7.321985000000001,22402400
2015-11-19,7.863731,8.072967,7.85792,8.009033,7.397137,22662200
2015-11-20,8.009033,8.503059,7.950912,8.258952,7.627961999999999,31932300
2015-11-23,8.235704,8.258952,7.88698,8.049717999999999,7.434714,26354200
2015-11-24,7.892792,8.151428999999998,7.846295,7.956725,7.348825,41484100
2015-11-25,8.084589999999999,8.636737,8.043906,8.206644,7.579650999999999,39017100
2015-11-27,8.206644,8.508871000000001,8.165958999999999,8.340322,7.703117,10395000
2015-11-30,8.270576,8.718106,8.241516,8.636737,7.976884,50075500
2015-12-01,8.648361,9.229567999999999,8.630925,9.072642,8.379487,43197200
2015-12-02,8.933152,9.031958,8.64255,8.689046000000001,8.025196000000001,21818500
2015-12-03,8.718106,8.915716,8.473999000000001,8.497247999999999,7.848052,32527300
2015-12-04,8.363569,8.889562,8.276388,8.845971,8.170134,20648400
2015-12-07,8.718106,8.997086,8.671610000000001,8.97965,8.345486,16424400
2015-12-08,8.770414,8.886656,8.497247999999999,8.816911,8.194242,19988600
2015-12-09,8.712294,8.944777,8.532119999999999,8.630925,8.021391,24538300
2015-12-10,8.596052,8.607677,8.444939,8.555368,7.951167999999999,17466200
2015-12-11,8.712294,8.950589,8.218266999999999,8.241516,7.659482000000001,18265700
2015-12-14,8.311261,8.427503,8.090403,8.39263,7.799923,19834700
2015-12-15,8.433314,8.706482000000001,8.418784,8.462375,7.864744,22175600
2015-12-16,8.497247999999999,8.607677,8.456563000000001,8.543744,7.940366,13490800
2015-12-17,8.491435000000001,8.555368,8.264764999999999,8.317072999999999,7.729703,13118600
2015-12-18,8.293825,8.360663,8.136899,8.229892,7.648678,33271400
2015-12-21,8.206644,8.369382,8.061342,8.148522999999999,7.573057,16970300
2015-12-22,8.160147,8.218266999999999,8.090403,8.171771000000001,7.594663000000001,12547100
2015-12-23,8.247328,8.700669,8.165958999999999,8.665797,8.053801,19359600
2015-12-24,8.607677,8.816911,8.596052,8.72973,8.113218,3748100
2015-12-28,8.654173,8.880844,8.613489,8.851784,8.22665,10203800
2015-12-29,8.886656,8.972094,8.822723,8.834348,8.210446000000001,10797800
2015-12-30,8.886656,8.997086,8.805287,8.880844,8.25366,10796700
2015-12-31,8.851784,8.89828,8.776227,8.834348,8.210446000000001,11420500
2016-01-04,8.700669,8.805287,8.566991999999999,8.793663,8.172634,25940400
2016-01-05,8.793663,8.863408,8.683233,8.735542,8.118618,17770100
2016-01-06,8.497247999999999,8.718106,8.433314,8.601865,7.994383999999999,19468100
2016-01-07,8.427503,8.462375,7.933476,7.968349000000001,7.405606,34143900
2016-01-08,8.003222000000001,8.148522999999999,7.735866000000001,7.869544,7.313778999999999,28272000
2016-01-11,7.805611,7.968349000000001,7.596375999999999,7.706805999999999,7.162534,25998800
2016-01-12,7.759114,7.799799,7.608,7.706805999999999,7.162534,21435500
2016-01-13,7.759114,7.759114,7.282525,7.41039,6.887051,30489600
2016-01-14,7.41039,7.654497,7.352269000000001,7.555692,7.022092,22973700
2016-01-15,7.323208999999999,7.43945,7.259276,7.288336999999999,6.773617999999999,33849000
2016-01-19,7.369706,7.427826,7.090725999999999,7.160471,6.654782000000001,22239600
2016-01-20,6.9744850000000005,7.090725999999999,6.756532000000001,7.0093570000000005,6.51434,28630200
2016-01-21,6.9744850000000005,7.288336999999999,6.869867,7.21278,6.703397,28784100
2016-01-22,7.38133,7.805611,7.352269000000001,7.759114,7.211149000000001,26272600
2016-01-25,7.724241999999999,7.875356,7.625437,7.753302000000001,7.205747,19241600
2016-01-26,7.759114,7.977067,7.759114,7.904416,7.346188000000001,18454700
2016-01-27,7.863731,7.910228,7.5295380000000005,7.782361999999999,7.232755,31803600
2016-01-28,7.817235,7.962536999999999,7.596375999999999,7.666121,7.1247229999999995,16989400
2016-01-29,7.7939869999999996,8.067153999999999,7.759114,7.997408999999999,7.432614,19548700
2016-02-01,7.945100999999999,8.067153999999999,7.863731,8.014846,7.4488199999999996,16430600
2016-02-02,7.962536999999999,8.119463,7.764925999999999,7.817235,7.2651639999999995,16650600
2016-02-03,7.939289,8.003222000000001,7.619625,7.770739,7.221951,12995300
2016-02-04,7.735866000000001,8.072967,7.735866000000001,8.049717999999999,7.481228999999999,11181900
2016-02-05,7.956725,7.9915970000000005,7.576034,7.671933,7.130124,22758900
2016-02-08,7.555692,7.584752000000001,7.189531,7.2709,6.757413000000001,25491500
2016-02-09,7.189531,7.474322999999999,7.154659,7.392954,6.870847,11504400
2016-02-10,7.422014,7.596375999999999,7.387142,7.474322999999999,6.9464690000000004,10292600
2016-02-11,7.305772999999999,7.363894,6.983203,7.206967999999999,6.697996000000001,16920400
2016-02-12,7.265088,7.433639,7.079102000000001,7.143035,6.638578999999999,18150700
2016-02-16,7.21278,7.259276,7.131411,7.166283,6.660183999999999,20606800
2016-02-17,7.201156,7.637061,7.189531,7.567316,7.032895,14910600
2016-02-18,7.584752000000001,7.962536999999999,7.567316,7.863731,7.308377,20189000
2016-02-19,7.852108,7.985785000000001,7.700994000000001,7.945100999999999,7.384,16197900
2016-02-22,7.9915970000000005,8.067153999999999,7.88698,8.020658000000001,7.454221,18505500
2016-02-23,7.9741610000000005,8.032282,7.462699000000001,7.608,7.0707059999999995,25200900
2016-02-24,7.555692,7.88698,7.451075,7.863731,7.308377,22757500
2016-02-25,7.817235,7.968349000000001,7.695181,7.950912,7.389400999999999,20784000
2016-02-26,8.009033,8.020658000000001,7.642873,7.811423,7.259763,18624500
2016-02-29,7.735866000000001,7.834671000000001,7.671933,7.712617999999999,7.167935000000001,21932300
2016-03-01,7.799799,7.828859,7.608,7.718430000000001,7.173336999999999,14373700
2016-03-02,7.77655,8.165958999999999,7.759114,8.078778,7.508236,17234100
2016-03-03,8.084589999999999,8.107839,7.718430000000001,7.904416,7.346188000000001,17256400
2016-03-04,8.659986,9.20632,8.613489,8.973837,8.340084,57415700
2016-03-07,8.793663,9.293501,8.752978,9.281877,8.679565,31792700
2016-03-08,9.154012,9.177259,8.837254,8.851784,8.277382000000001,21215200
2016-03-09,8.915716,9.203414,8.892468,9.002897,8.41869,19045400
2016-03-10,9.03777,9.421367,9.020333,9.241192,8.641521000000001,24578200
2016-03-11,9.299313,9.555044,9.299313,9.491112,8.875224000000001,26984400
2016-03-14,9.415554,9.630600999999999,9.322561,9.537608,8.918703,16641800
2016-03-15,9.508548,9.810775,9.444614,9.746842,9.114361,23974400
2016-03-16,9.711969999999999,10.014197,9.648037,9.99095,9.342626,21530900
2016-03-17,9.956077,10.072318,9.857272,9.973514,9.326322,18699200
2016-03-18,9.979325,10.21762,9.927016,10.072318,9.418714999999999,53273300
2016-03-21,10.072318,10.426855,10.054882000000001,10.293177,9.625241,18463100
2016-03-22,10.118815,10.508224,10.078130999999999,10.176936,9.516544999999999,19474000
2016-03-23,10.182748,10.211808,9.932829,10.147876,9.489369,19674300
2016-03-24,10.118815,10.252493,9.944453,10.211808,9.549153,15261200
2016-03-28,10.159499,10.267023,10.008386,10.176936,9.516544999999999,9518600
2016-03-29,10.095566999999999,10.275741,10.008386,10.258305,9.592630999999999,10197000
2016-03-30,10.298989,10.412325,10.24668,10.397795,9.72307,18156300
2016-03-31,10.368734,10.438478,10.176936,10.304801,9.636111999999999,17876200
2016-04-01,10.235057000000001,10.778485,10.205997,10.69421,10.000253,25550000
2016-04-04,10.72327,10.72327,10.421042,10.484976,9.804594,13191400
2016-04-05,10.38617,10.409417999999999,10.205997,10.235057000000001,9.570893,14280500
2016-04-06,10.258305,10.450103,10.147876,10.438478,9.761116000000001,17879800
2016-04-07,10.339674,10.484976,10.243774,10.310614,9.641547000000001,16196800
2016-04-08,10.374546,10.633183,10.351297,10.397795,9.72307,12525200
2016-04-11,10.432667,10.496599,10.264116,10.304801,9.636111999999999,10114200
2016-04-12,10.293177,10.322237,9.985137,10.020010000000001,9.369802,15119900
2016-04-13,10.04907,10.176936,9.967701,10.171124,9.511109,14182800
2016-04-14,10.089755,10.113002999999999,9.915393,10.031634,9.380672,11503900
2016-04-15,10.118815,10.159499,9.793339,10.113002999999999,9.456760000000001,20409100
2016-04-18,10.002574000000001,10.162405999999999,9.961889,10.136251,9.478499000000001,9735000
2016-04-19,10.147876,10.159499,9.967701,10.020010000000001,9.369802,11079800
2016-04-20,9.921205,10.171124,9.921205,10.113002999999999,9.456760000000001,9359900
2016-04-21,10.078130999999999,10.310614,10.066506,10.147876,9.489369,10272200
2016-04-22,10.136251,10.287365,10.072318,10.165312,9.505674,13692100
2016-04-25,10.089755,10.118815,9.775903,10.002574000000001,9.353495,10051600
2016-04-26,10.025822,10.150782000000001,10.014197,10.089755,9.43502,10813800
2016-04-27,10.054882000000001,10.182748,10.025822,10.060694999999999,9.407845,10948800
2016-04-28,9.979325,10.104285,9.834023,9.897956,9.255668,8237200
2016-04-29,9.816587,9.828211999999999,9.595728999999999,9.682910000000001,9.054575999999999,12195300
2016-05-02,9.682910000000001,9.735218,9.462050999999999,9.531796,8.913266,14557900
2016-05-03,9.432991000000001,9.444614,9.171448,9.258628999999999,8.657828,19039000
2016-05-04,9.183072,9.299313,9.113327,9.258628999999999,8.657828,11420700
2016-05-05,9.270252000000001,9.281877,9.090078,9.136575,8.543693,6054900
2016-05-06,9.084267,9.217944000000001,9.043582,9.171448,8.576303,8574500
2016-05-09,9.130763,9.276065,9.107514,9.217944000000001,8.619781,8505200
2016-05-10,9.235380000000001,9.241192,9.072642,9.235380000000001,8.636086,8192700
2016-05-11,9.235380000000001,9.505642,9.229567999999999,9.310937,8.70674,11132300
2016-05-12,9.351622,9.380682,9.214457000000001,9.241192,8.641521000000001,9321700
2016-05-13,9.241192,9.366152,9.119139,9.165635,8.570867999999999,11680700
2016-05-16,9.159823,9.354527000000001,9.130763,9.276065,8.674131,15174200
2016-05-17,9.229567999999999,9.415554,9.119139,9.194695,8.598042,25107300
2016-05-18,9.177259,9.258628999999999,9.017427,9.107514,8.516519,11315200
2016-05-19,9.014522,9.177259,8.938965,9.171448,8.576303,11501700
2016-05-20,9.159823,9.293501,9.101703,9.223756,8.625217,15455400
2016-05-23,9.229567999999999,9.456239,9.223756,9.339997,8.733914,14882500
2016-05-24,9.357433,9.496922999999999,9.293501,9.444614,8.831743,21613600
2016-05-25,10.653525,10.752331,9.950265,10.083942,9.429585000000001,75418400
2016-05-26,9.880519999999999,10.281553,9.787527,10.107191,9.451324000000001,37392900
2016-05-27,10.147876,10.659338,10.147876,10.612841,9.924161999999999,39493400
2016-05-31,10.461727,10.734895,10.322237,10.734895,10.038297,42932800
2016-06-01,10.641900999999999,10.682586,10.543097,10.630278,9.940467,21150900
2016-06-02,10.543097,10.769767,10.519848,10.752331,10.054601,23508300
2016-06-03,10.69421,10.752331,10.624464999999999,10.66515,9.973077,15976100
2016-06-06,10.624464999999999,11.025497999999999,10.624464999999999,10.984814,10.325244999999999,22094100
2016-06-07,10.949941,11.18533,10.909257,11.135927,10.467286999999999,24580100
2016-06-08,11.199861,11.403282,11.159175999999999,11.246357000000001,10.571082,27220300
2016-06-09,11.269605,11.420719,11.234733,11.362598,10.680346,16130800
2016-06-10,11.223108,11.234733,10.984814,11.112679,10.445436,16914200
2016-06-13,11.048746000000001,11.130116000000001,10.798827000000001,10.810452,10.161354,17458700
2016-06-14,10.734895,10.833699000000001,10.586687,10.641900999999999,10.002923,24700400
2016-06-15,10.711646,11.077805999999999,10.700022,10.926692999999998,10.270615,20590800
2016-06-16,10.856948,10.944129,10.795921,10.845324,10.194129,21213200
2016-06-17,10.804639,11.048746000000001,10.746519000000001,11.008061,10.347097,28631900
2016-06-20,11.1708,11.39747,11.135927,11.263793,10.587474,27304300
2016-06-21,11.281229,11.536961,11.194048,11.484652,10.795071,19885600
2016-06-22,11.426530999999999,11.484652,11.153363,11.164988000000001,10.494601,18191900
2016-06-23,11.257981,11.443967,11.240544,11.420719,10.734979,17522700
2016-06-24,10.816263000000001,11.089431,10.52566,10.55472,9.920977,43737700
2016-06-27,10.461727,10.467539,9.860178,9.996761,9.396519999999999,31383400
2016-06-28,10.171124,10.21762,9.941546,10.113002999999999,9.505780999999999,23461000
2016-06-29,10.310614,10.409417999999999,10.23215,10.333861,9.713377000000001,14211600
2016-06-30,10.415231,10.752331,10.391982,10.618653,9.981069999999999,21494300
2016-07-01,10.734895,10.833699000000001,10.548908,10.746519000000001,10.101258999999999,15361900
2016-07-05,10.688398,10.711646,10.426855,10.577969,9.942829,10555200
2016-07-06,10.461727,10.711646,10.415231,10.69421,10.052091,12498900
2016-07-07,10.659338,10.874384,10.659338,10.734895,10.090333,10799800
2016-07-08,10.903444,11.066182000000001,10.795921,11.066182000000001,10.40173,18751400
2016-07-11,11.130116000000001,11.313195,11.124303,11.240544,10.565621,17483700
2016-07-12,11.292853,11.566021000000001,11.292853,11.443967,10.756828,22280200
2016-07-13,11.443967,11.484652,11.217297,11.333538,10.653031,11816000
2016-07-14,11.403282,11.720622,11.403282,11.618329,10.920722999999999,25670900
2016-07-15,11.670638,11.722946,11.443967,11.490463,10.800533,15047000
2016-07-18,11.461403,11.612517,11.420719,11.502088,10.81146,10118300
2016-07-19,11.443967,11.589269,11.438155,11.502088,10.81146,9522700
2016-07-20,11.5079,11.670638,11.464310000000001,11.659013999999999,10.958963,9143000
2016-07-21,11.641577999999999,11.717134,11.452685,11.47884,10.789608,15580200
2016-07-22,11.519524,11.653202,11.473027,11.653202,10.953502,14395000
2016-07-25,11.827564,11.908933,11.734571,11.746195,11.040911,16714900
2016-07-26,11.734571,11.891497,11.708416,11.885684,11.172023,13674200
2016-07-27,11.914744,12.010644000000001,11.774092999999999,11.827564,11.117394,11275200
2016-07-28,11.798504,11.874061,11.711323,11.804316,11.09554,7497200
2016-07-29,11.810127,12.728435000000001,11.682262,12.216972,11.483421,54130200
2016-08-01,12.286717,12.548261,11.990302,12.251845,11.516199,23908200
2016-08-02,12.222785,12.263469,11.99902,12.071671,11.346843,18970300
2016-08-03,12.071671,12.507576,12.019362,12.501764,11.751114,23912300
2016-08-04,12.484327,12.740059,12.472704,12.647066,11.88769,15358400
2016-08-05,12.693563000000001,12.902797,12.652878,12.734247,11.969636,16329900
2016-08-08,12.786555,12.885361,12.542448,12.583133,11.827595,13379300
2016-08-09,12.629629,12.705186999999999,12.565697,12.612193,11.854911,13865200
2016-08-10,12.629629,12.641253,12.455267,12.525012,11.772964,9788900
2016-08-11,12.548261,12.705186999999999,12.507576,12.658689,11.898615,13035900
2016-08-12,12.600569,12.763308,12.493046000000001,12.722623,11.95871,18171200
2016-08-15,12.745871000000001,12.896985,12.728435000000001,12.792368,12.024268,12316500
2016-08-16,12.728435000000001,12.885361,12.676126,12.824334,12.054314,10498100
2016-08-17,12.821428,12.896985,12.484327,12.577321000000001,11.822134,16809000
2016-08-18,12.5192,12.722623,12.5192,12.705186999999999,11.942321000000002,11558800
2016-08-19,12.658689,12.763308,12.635442,12.71681,11.953244999999999,10394300
2016-08-22,12.681938,12.772025,12.571508,12.751683,11.986025,7638400
2016-08-23,12.803991,12.82724,12.713904,12.745871000000001,11.98056,13619000
2016-08-24,12.740059,12.815616,12.594757000000001,12.606380999999999,11.849447999999999,7765100
2016-08-25,12.571508,12.748777,12.466891,12.693563000000001,11.931394000000001,12335300
2016-08-26,12.728435000000001,12.838864,12.559885000000001,12.658689,11.898615,9102400
2016-08-29,12.647066,12.862112,12.629629,12.693563000000001,11.931394000000001,10135500
2016-08-30,12.693563000000001,12.763308,12.466891,12.542448,11.789352000000001,15767100
2016-08-31,12.5192,12.600569,12.298342,12.484327,11.734721,16448100
2016-09-01,12.455267,12.972542,12.251845,12.879549,12.106214999999999,32542600
2016-09-02,12.885361,12.960917,12.751683,12.908608000000001,12.133531,11299600
2016-09-06,12.891172000000001,12.891172000000001,12.641253,12.705186999999999,11.942321000000002,14693100
2016-09-07,12.792368,12.972542,12.501764,12.838864,12.067971,35346700
2016-09-08,12.786555,12.902797,12.391335,12.426207000000002,11.68009,50322900
2016-09-09,12.292529,12.478516,12.158852,12.158852,11.428788,27124500
2016-09-12,12.04261,12.446549000000001,11.990302,12.373899,11.630925,21937300
2016-09-13,12.263469,12.420395,12.234408,12.298342,11.559902000000001,20650900
2016-09-14,12.280906,12.446549000000001,12.257657,12.414583,11.669165,18886100
2016-09-15,12.391335,12.867925,12.373899,12.862112,12.089824,22183400
2016-09-16,12.82724,12.972542,12.763308,12.937669,12.160844,28129400
2016-09-19,13.001602,13.367763,12.99579,13.181776000000001,12.390293,20660200
2016-09-20,13.225367000000002,13.335795999999998,13.146904000000001,13.146904000000001,12.357515,16634900
2016-09-21,13.135279999999998,13.437508,13.117844,13.437508,12.63067,18368700
2016-09-22,13.449131,13.675802,13.449131,13.507252,12.696228,17617000
2016-09-23,13.443319,13.521782,13.315454,13.356138,12.554186999999999,12469000
2016-09-26,13.286392999999999,13.347420999999999,13.158528,13.245709,12.450389,13948600
2016-09-27,13.187589000000001,13.382292999999999,13.112613,13.321266,12.521410000000001,22581800
2016-09-28,13.367763,13.478191,13.263145000000002,13.391010999999999,12.586967,12168800
2016-09-29,13.344514000000002,13.547935999999998,13.295112,13.309642000000002,12.510483,15577000
2016-09-30,13.414259,13.536311999999999,13.129468,13.222461,12.428536,27890300
2016-10-03,13.129468,13.271863,13.106219,13.16434,12.373905,20113200
2016-10-04,13.181776000000001,13.327078,12.937669,13.013227,12.231864,15717000
2016-10-05,13.05391,13.292206,13.05391,13.251520999999999,12.45585,12511100
2016-10-06,13.216648999999999,13.280581,13.152716,13.181776000000001,12.390293,11269900
2016-10-07,13.175964000000002,13.1934,12.885361,12.984166,12.234221,16110500
2016-10-10,13.065535,13.187589000000001,13.042287,13.077159,12.374259,15833100
2016-10-11,13.077159,13.077159,12.725529,12.774931,12.088275999999999,17394200
2016-10-12,12.833052,12.8563,12.670314,12.786555,12.099276,13356200
2016-10-13,12.658689,12.757495,12.472704,12.647066,11.967285,23763600
2016-10-14,12.5192,12.757495,12.481421000000001,12.513388,11.840791000000001,23332900
2016-10-17,12.495952,12.606380999999999,12.327402000000001,12.362274000000001,11.6978,20037200
2016-10-18,12.5192,12.548261,12.263469,12.478516,11.807792999999998,20106300
2016-10-19,12.559885000000001,12.769119,12.525012,12.629629,11.950784,30091800
2016-10-20,12.571508,12.734247,12.5192,12.71681,12.03328,18222800
2016-10-21,12.612193,12.629629,12.466891,12.571508,11.895787,20590300
2016-10-24,12.600569,12.664502,12.548261,12.600569,11.923285,15560800
2016-10-25,12.600569,12.612193,12.432019,12.554072,11.879289,15908500
2016-10-26,12.513388,12.676126,12.478516,12.670314,11.989283,13082500
2016-10-27,12.71681,13.013227,12.71681,12.896985,12.203769,21757400
2016-10-28,12.902797,13.071347,12.786555,12.885361,12.19277,12916500
2016-10-31,12.931857,13.088783,12.914421,13.059723,12.357762,14006700
2016-11-01,13.030663,13.112031,12.652878,12.833052,12.143271,12696200
2016-11-02,12.809804,12.885361,12.710999000000001,12.79818,12.110274,14294800
2016-11-03,12.82724,12.891172000000001,12.647066,12.670314,11.989283,12041500
2016-11-04,12.577321000000001,13.018457000000001,12.507576,12.809804,12.121274,13275900
2016-11-07,13.007414,13.478191,13.001602,13.431695000000001,12.709736999999999,18590000
2016-11-08,13.431695000000001,13.652554,13.30383,13.507252,12.781235,21986700
2016-11-09,13.042287,13.687427,12.99579,13.501439999999999,12.775734,26421600
2016-11-10,13.571185,13.768795,13.315454,13.408447,12.68774,22441600
2016-11-11,13.379387,13.588621,13.321266,13.547935999999998,12.819732,16251300
2016-11-14,13.571185,13.728110999999998,13.408447,13.571185,12.84173,21289300
2016-11-15,13.640929999999999,13.675802,13.449131,13.606057,12.87473,25421900
2016-11-16,13.547935999999998,13.745547,13.489816000000001,13.675802,12.940724000000001,19870700
2016-11-17,13.640929999999999,13.757172,13.518876,13.716486999999999,12.979224,18754800
2016-11-18,13.768214000000002,13.861789000000002,13.524689000000002,13.547935999999998,12.819732,28549500
2016-11-21,13.611870000000001,13.687427,13.257333,13.437508,12.71524,40098200
2016-11-22,13.425882999999999,13.565372,13.138186,13.292206,12.577746000000001,41580100
2016-11-23,13.1934,13.733923,13.059723,13.687427,12.951724,37097600
2016-11-25,13.379387,13.594432999999999,13.199212,13.495628,12.770235000000001,18320000
2016-11-28,13.350326999999998,13.594432999999999,13.298017999999999,13.565372,12.836231,37604300
2016-11-29,13.495628,13.890849,13.495628,13.797854999999998,13.056217,24233000
2016-11-30,13.826916,13.887943,13.733923,13.832728,13.089216,24902000
2016-12-01,13.821104,13.890849,13.559560999999999,13.582809,12.852731,20974300
2016-12-02,13.576997,13.890849,13.565372,13.861789000000002,13.116714000000002,12629100
2016-12-05,13.902473,14.076835,13.850164000000001,14.071023,13.314701999999999,17673800
2016-12-06,14.041963,14.053587,13.885036,13.925721,13.177209,16941100
2016-12-07,13.855976,14.408123000000002,13.83854,14.344191,13.573186999999999,28028700
2016-12-08,14.326754999999999,14.408123000000002,14.245385,14.320942,13.551188,12216200
2016-12-09,14.274446,14.396498999999999,14.134955,14.245385,13.479692000000002,22907500
2016-12-12,14.001278,14.076835,13.774607999999999,13.890849,13.204463,21249800
2016-12-13,13.855976,14.076835,13.803668,13.908285000000001,13.221038,18690500
2016-12-14,13.797854999999998,14.169828,13.792044,13.902473,13.215513,16920100
2016-12-15,13.861789000000002,13.873413000000001,13.757172,13.792044,13.110539000000001,27706200
2016-12-16,13.733923,13.824010000000001,13.588621,13.652554,12.977942,35485000
2016-12-19,13.611870000000001,13.890849,13.611870000000001,13.792044,13.110539000000001,11699600
2016-12-20,13.815292000000001,13.937346,13.745547,13.855976,13.171314,15602000
2016-12-21,13.855976,13.972218,13.829823000000001,13.885036,13.198936999999999,9327700
2016-12-22,13.896660999999998,13.943157000000001,13.669991,13.809479999999999,13.127114,11015700
2016-12-23,13.815292000000001,13.855976,13.762982999999998,13.844353,13.160264999999999,10125700
2016-12-27,13.83854,13.890849,13.728110999999998,13.797854999999998,13.116064999999999,6512000
2016-12-28,13.844353,13.844353,13.536311999999999,13.542125,12.872972,11347500
2016-12-29,13.5305,13.640929999999999,13.47238,13.565372,12.89507,8858700
2016-12-30,13.501439999999999,13.629306,13.385198999999998,13.449131,12.784571000000001,10862200
2017-01-03,13.478191,13.640929999999999,13.356138,13.484004,12.817721,13861700
2017-01-04,13.542125,13.780419,13.507252,13.629306,12.955844,11969000
2017-01-05,13.629306,13.704863000000001,13.559560999999999,13.693238000000001,13.016617,19883000
2017-01-06,13.699051,13.699051,13.02485,13.425882999999999,12.762473,25019600
2017-01-09,13.449131,13.474123,13.082971,13.112031,12.464128,24591200
2017-01-10,13.187589000000001,13.373574,13.082971,13.338702,12.679601,23212800
2017-01-11,13.321266,13.356138,13.141091000000001,13.228272,12.574624,15961500
2017-01-12,13.210835999999999,13.274770000000002,13.033567999999999,13.222461,12.569102,14234400
2017-01-13,13.222461,13.396823000000001,13.216648999999999,13.332891,12.674076,9905100
2017-01-17,13.268957,13.361951000000001,13.155622,13.187589000000001,12.535952,10155500
2017-01-18,13.234085,13.361951000000001,13.129468,13.286392999999999,12.629875,14536000
2017-01-19,13.245709,13.298017999999999,13.181776000000001,13.234085,12.580153,9976600
2017-01-20,13.245709,13.309642000000002,13.158528,13.298017999999999,12.640925,15579200
2017-01-23,13.263145000000002,13.327078,13.013227,13.117844,12.469655,15614500
2017-01-24,13.199212,13.420072,13.170151999999998,13.30383,12.64645,14144500
2017-01-25,13.379387,13.449131,13.271863,13.356138,12.696173,12552900
2017-01-26,13.344514000000002,13.420072,13.146904000000001,13.146904000000001,12.49728,10554700
2017-01-27,13.210835999999999,13.251520999999999,13.065535,13.106219,12.458605,11716800
2017-01-30,13.071347,13.071347,12.780744,12.873736,12.23761,16078800
2017-01-31,12.867925,13.187589000000001,12.693563000000001,13.181776000000001,12.530427,21481800
2017-02-01,13.210835999999999,13.239897000000001,13.001602,13.129468,12.480704,16757600
2017-02-02,12.937669,13.213742000000002,12.937669,13.187589000000001,12.535952,14275200
2017-02-03,13.222461,13.704863000000001,13.222461,13.658366000000001,12.983467,23112600
2017-02-06,13.571185,13.751358999999999,13.547935999999998,13.681614000000001,13.005567,9451400
2017-02-07,13.681614000000001,13.829823000000001,13.669991,13.768795,13.088441,11192300
2017-02-08,13.728110999999998,13.879225,13.687427,13.733923,13.055289,10469000
2017-02-09,13.733923,14.018714000000001,13.693238000000001,13.995466,13.30391,12060500
2017-02-10,13.995466,14.100082999999998,13.937346,13.943157000000001,13.254185999999999,14299600
2017-02-13,13.960593,14.082647,13.925721,14.018714000000001,13.326008999999999,11127900
2017-02-14,13.995466,14.036151,13.925721,14.030338,13.337060999999999,16786500
2017-02-15,14.076835,14.2047,14.001278,14.169828,13.469657000000002,11762300
2017-02-16,14.164016,14.227948999999999,14.071023,14.140768,13.442032999999999,11783300
2017-02-17,14.094272,14.193076000000001,14.024526999999999,14.181453,13.480707,13047600
2017-02-21,14.181453,14.355815,14.158204000000001,14.332566,13.624353,16285300
2017-02-22,14.262820999999999,14.460432,14.239573000000002,14.402311,13.690651999999998,13138300
2017-02-23,14.431372,14.448807999999998,14.239573000000002,14.332566,13.624353,22893200
2017-02-24,12.859206,13.356138,12.844676,13.344514000000002,12.685122999999999,80662700
2017-02-27,13.228272,13.228272,12.943481,12.966728999999999,12.326006,32711900
2017-02-28,12.82724,13.295112,12.786555,13.263145000000002,12.607776,31589500
2017-03-01,13.373574,13.542125,13.327078,13.47238,12.806671000000001,22835600
2017-03-02,13.437508,13.489816000000001,13.274770000000002,13.338702,12.679601,18544300
2017-03-03,13.315454,13.524689000000002,13.298017999999999,13.396823000000001,12.734848,19903300
2017-03-06,13.280581,13.443319,13.268957,13.408447,12.745898,26772600
2017-03-07,13.350326999999998,13.478191,13.1934,13.263145000000002,12.607776,23911500
2017-03-08,13.251520999999999,13.280581,13.117844,13.146904000000001,12.49728,21858200
2017-03-09,13.094595,13.187589000000001,13.007414,13.059723,12.414408,18977100
2017-03-10,13.094595,13.187589000000001,12.902797,13.001602,12.359156,19189300
2017-03-13,12.896985,13.036474,12.885361,12.972542,12.393492,17357500
2017-03-14,12.926045,12.978354,12.79818,12.920233,12.343517,17357500
2017-03-15,12.920233,13.280581,12.850489,13.187589000000001,12.598939999999999,24111600
2017-03-16,13.1934,13.286392999999999,13.077159,13.158528,12.571177,17717900
2017-03-17,13.16434,13.361951000000001,13.082971,13.280581,12.687782,21287000
2017-03-20,13.234085,13.405541,13.170151999999998,13.338702,12.743308,14750100
2017-03-21,13.338702,13.414259,12.902797,12.931857,12.354623,27868800
2017-03-22,12.914421,13.106219,12.844676,13.077159,12.493439,15644300
2017-03-23,13.048099,13.344514000000002,13.007414,13.251520999999999,12.660017999999999,16796100
2017-03-24,13.286392999999999,13.507252,13.152716,13.234085,12.643361,15784300
2017-03-27,13.106219,13.280581,13.007414,13.205025,12.615599000000001,11508400
2017-03-28,13.187589000000001,13.489816000000001,13.152716,13.373574,12.776624,14496900
2017-03-29,13.367763,13.908285000000001,13.312548000000001,13.757172,13.1431,29644200
2017-03-30,13.716486999999999,13.844353,13.669991,13.728110999999998,13.115335,15394600
2017-03-31,13.617682,13.948970000000001,13.617682,13.774607999999999,13.159757,24476100
2017-04-03,13.964314000000002,14.010860999999998,13.429015,13.630721,13.022294,41268100
2017-04-04,13.498837,13.894492000000001,13.460047,13.886733999999999,13.266878,24554400
2017-04-05,13.948797,14.041893,13.793638,13.886733999999999,13.266878,24502600
2017-04-06,13.948797,14.065166,13.894492000000001,13.979829999999998,13.355819,15977100
2017-04-07,13.933282,14.313421,13.894492000000001,14.181536,13.548519,36280900
2017-04-10,14.228083999999999,14.359969,14.150504000000002,14.197052,13.563343,28411100
2017-04-11,14.166020000000001,14.235842000000002,14.034135000000001,14.103956,13.474403,14620900
2017-04-12,14.220325,14.228083999999999,13.917766,14.003103,13.378053,17688900
2017-04-13,13.972072,14.088441,13.917766,13.956554999999998,13.333582,20986700
2017-04-17,13.979829999999998,14.065166,13.948797,14.049651,13.422523000000002,10234600
2017-04-18,14.026376999999998,14.119473000000001,13.9519,14.065166,13.437346,10324700
2017-04-19,14.080682999999999,14.189294,14.034135000000001,14.088441,13.459581,9413500
2017-04-20,14.142745999999999,14.28239,14.100078,14.220325,13.585578,13204300
2017-04-21,14.197052,14.208689000000001,13.979829999999998,14.072925,13.444759,15784000
2017-04-24,14.158261999999999,14.383242999999998,14.123351000000001,14.305663000000001,13.667107999999999,18105900
2017-04-25,14.344453,14.422032000000002,14.290148,14.367726999999999,13.726398999999999,11001300
2017-04-26,14.352210999999999,14.569432999999998,14.290148,14.437548999999999,13.793106,14089000
2017-04-27,14.429789999999999,14.476338,14.297904999999998,14.453064000000001,13.807928,17807200
2017-04-28,14.445307000000001,14.507370000000002,14.344453,14.453064000000001,13.807928,11964300
2017-05-01,14.499611999999999,14.608223,14.460822,14.530643,13.882045000000002,10576100
2017-05-02,14.522885999999998,14.615981,14.476338,14.507370000000002,13.859810000000001,10110100
2017-05-03,14.476338,14.561676,14.406517000000001,14.484097,13.837575,14169500
2017-05-04,14.54616,14.584949,14.437548999999999,14.54616,13.896870000000002,8458500
2017-05-05,14.615981,14.623739000000002,14.484097,14.608223,13.956160999999998,16416700
2017-05-08,14.615981,14.701319,14.553918,14.654770999999998,14.000631,11736300
2017-05-09,14.639256,14.716835000000001,14.456944,14.569432999999998,13.919104,21023200
2017-05-10,14.577191000000001,14.740108,14.54616,14.740108,14.082161,14653800
2017-05-11,14.678045000000001,14.782778,14.588828,14.631497,13.978398,16039500
2017-05-12,14.647014000000002,14.755625,14.615981,14.647014000000002,13.993220999999998,12393000
2017-05-15,14.662529000000001,14.840962,14.639256,14.73235,14.074748000000001,13808900
2017-05-16,14.740108,14.864235999999998,14.674166,14.825446,14.163688,12260800
2017-05-17,14.825446,14.825446,14.522885999999998,14.584949,13.933926999999999,16809500
2017-05-18,14.46858,14.709076999999999,14.367726999999999,14.569432999999998,13.919104,16026500
2017-05-19,14.615981,14.740108,14.328938,14.375484,13.733812,25988800
2017-05-22,14.367726999999999,14.623739000000002,14.359969,14.577191000000001,13.926517,17436500
2017-05-23,14.639256,14.662529000000001,14.54616,14.631497,13.978398,17918200
2017-05-24,14.615981,14.724592999999999,14.569432999999998,14.670287,14.015455,15162100
2017-05-25,14.716835000000001,14.740108,14.592707999999998,14.615981,13.963574,23348000
2017-05-26,14.623739000000002,14.654770999999998,14.538402,14.608223,13.956160999999998,17319700
2017-05-30,14.569432999999998,14.685803,14.499611999999999,14.623739000000002,13.970984,22861700
2017-05-31,14.584949,14.643134,14.398759,14.592707999999998,13.941339000000001,30786400
2017-06-01,14.235842000000002,14.251357999999998,13.553142000000001,13.591931,12.985234,50115000
2017-06-02,13.452289000000002,13.638479,13.149729,13.498837,12.896294000000001,38591100
2017-06-05,13.452289000000002,13.460047,13.289371,13.312645999999999,12.718414,20008600
2017-06-06,13.29713,13.335919,13.211792,13.211792,12.622062,17818400
2017-06-07,13.211792,13.374709,13.196276000000001,13.21955,12.629475,18744700
2017-06-08,13.21955,13.281613,13.173001999999999,13.227307999999999,12.636888,13795200
2017-06-09,13.21955,13.436772,13.037238,13.180760000000001,12.592417,13561600
2017-06-12,13.103181,13.126454,12.847168,13.072149000000001,12.550546,14894600
2017-06-13,13.048875,13.165244,13.03336,13.095423,12.572889,15699600
2017-06-14,13.072149000000001,13.149729,12.91699,12.986811999999999,12.468614,14685100
2017-06-15,12.95578,13.002327000000001,12.777347,12.816136,12.304749000000001,23054200
2017-06-16,12.862684,12.885958,12.754073,12.792863,12.282403,19348500
2017-06-19,12.808378,13.010085,12.808378,12.971295,12.453717,14374000
2017-06-20,12.948022,12.986811999999999,12.785105,12.909232000000001,12.394129,17374400
2017-06-21,12.95578,13.025601,12.831653,12.854925999999999,12.341989,13225000
2017-06-22,12.831653,12.99457,12.800621000000001,12.940263999999999,12.423922,12152300
2017-06-23,12.99457,13.188519,12.924747,13.072149000000001,12.550546,22420400
2017-06-26,13.087665,13.173001999999999,13.025601,13.041117,12.520750999999999,14030600
2017-06-27,12.986811999999999,13.025601,12.800621000000001,12.800621000000001,12.289852,12662700
2017-06-28,12.870442,13.157485999999999,12.800621000000001,13.110939000000002,12.587786999999999,13041300
2017-06-29,12.99457,13.03336,12.699767,12.91699,12.401579,16378100
2017-06-30,12.979053,13.03336,12.862684,12.870442,12.356889,11318000
2017-07-03,12.932506,13.103181,12.932506,12.932506,12.416474000000001,5886300
2017-07-05,12.971295,13.180760000000001,12.963536999999999,13.141971,12.61758,13925000
2017-07-06,13.072149000000001,13.126454,12.738557,12.785105,12.274955,18738000
2017-07-07,12.816136,12.91699,12.723042,12.885958,12.371784,17037600
2017-07-10,12.885958,13.060512,12.878200999999999,12.986811999999999,12.468614,13109900
2017-07-11,12.963536999999999,13.072149000000001,12.854925999999999,13.017843,12.498406,11760400
2017-07-12,12.99457,13.072149000000001,12.858806,13.025601,12.505855,13454100
2017-07-13,13.025601,13.312645999999999,13.002327000000001,13.258339999999999,12.729306,17708900
2017-07-14,13.266098000000001,13.366951,13.204034,13.335919,12.803791,7901000
2017-07-17,13.335919,13.436772,13.262217999999999,13.366951,12.833584,9965300
2017-07-18,13.343678,13.382467000000002,13.227307999999999,13.304888,12.773997999999999,13542700
2017-07-19,13.382467000000002,13.739332999999998,13.382467000000002,13.708301,13.161313,17298100
2017-07-20,13.708301,13.910007,13.692785,13.886733999999999,13.332626999999999,18859600
2017-07-21,13.855701999999999,13.987587,13.785879999999999,13.972072,13.414560999999999,15243700
2017-07-24,13.948797,14.041893,13.801395999999999,13.840186,13.287935999999998,14075200
2017-07-25,13.840186,13.972072,13.762607000000001,13.871217999999999,13.317731,9928100
2017-07-26,13.886733999999999,13.933282,13.615206,13.661754,13.116624,10281300
2017-07-27,13.731575,13.731575,13.494957000000001,13.615206,13.071933,13184400
2017-07-28,13.576416,13.615206,13.413499,13.584173999999999,13.04214,11777500
2017-07-31,13.653996,13.766485000000001,13.576416,13.584173999999999,13.04214,11294300
2017-08-01,13.615206,13.653996,13.533747,13.615206,13.071933,9943300
2017-08-02,13.646237,13.685027,13.397982999999998,13.460047,12.922964,10271600
2017-08-03,13.452289000000002,13.467804999999998,13.312645999999999,13.413499,12.878274000000001,8584800
2017-08-04,13.413499,13.630721,13.413499,13.584173999999999,13.04214,8123900
2017-08-07,13.568658,13.688906,13.537626000000001,13.677269,13.131520000000002,5909200
2017-08-08,13.646237,13.731575,13.591931,13.677269,13.131520000000002,10173900
2017-08-09,13.615206,13.731575,13.529867999999999,13.685027,13.138967999999998,8984800
2017-08-10,13.653996,13.653996,13.242823999999999,13.281613,12.751650999999999,12069000
2017-08-11,13.343678,13.475562,13.308766,13.421257,12.885724,6805200
2017-08-14,13.568658,13.847944,13.545384,13.638479,13.094279,10254100
2017-08-15,13.622964000000001,13.840186,13.599689000000001,13.770365,13.220901000000001,10719900
2017-08-16,13.762607000000001,13.86346,13.595811,13.653996,13.109175,6336300
2017-08-17,13.591931,13.716059,13.421257,13.421257,12.885724,11823900
2017-08-18,13.390225,13.498837,13.258339999999999,13.328160999999998,12.796342999999998,12322800
2017-08-21,13.343678,13.460047,13.250582000000001,13.429015,12.893171,7851500
2017-08-22,13.467804999999998,13.731575,13.460047,13.708301,13.161313,7026400
2017-08-23,13.615206,13.770365,13.599689000000001,13.739332999999998,13.191107999999998,9091300
2017-08-24,13.74709,14.010860999999998,13.700543,13.925524,13.369869,8553900
2017-08-25,13.956554999999998,14.072925,13.813032999999999,13.925524,13.369869,11647100
2017-08-28,13.948797,13.948797,13.712179999999998,13.801395999999999,13.250695,9661100
2017-08-29,13.692785,13.921644,13.638479,13.902249,13.347524,7612400
2017-08-30,13.871217999999999,13.956554999999998,13.789760000000001,13.948797,13.392213,8092300
2017-08-31,13.948797,14.069045999999998,13.925524,14.010860999999998,13.451801000000001,14603000
2017-09-01,14.13,14.39,13.82,14.31,13.739004000000001,22355800
2017-09-05,14.2,14.4,13.83,14.04,13.479776999999999,26755900
2017-09-06,14.29,14.32,13.6,13.77,13.220551,40580300
2017-09-07,13.73,13.77,13.25,13.25,12.721299,27036800
2017-09-08,13.289,13.385,13.06,13.12,12.596489,24308700
2017-09-11,13.3,13.47,13.24,13.35,12.881126,16505900
2017-09-12,13.36,13.41,12.99,13.12,12.721144,19398000
2017-09-13,13.08,13.25,12.97,13.23,12.827798,24975000
2017-09-14,13.18,13.53,13.13,13.47,13.060503,16071700
2017-09-15,13.37,13.56,13.32,13.52,13.108982000000001,15606000
2017-09-18,13.57,13.72,13.51,13.54,13.128375,12586100
2017-09-19,13.56,13.64,13.47,13.49,13.079892999999998,10087500
2017-09-20,13.58,13.68,13.5,13.63,13.215639000000001,17348000
2017-09-21,13.6,13.9,13.51,13.79,13.370773999999999,22598600
2017-09-22,13.86,14.29,13.82,14.26,13.826486,22932500
2017-09-25,14.19,14.72,14.17,14.7,14.253110000000001,29532200
2017-09-26,14.74,15.08,14.69,14.89,14.437332999999999,25926100
2017-09-27,14.89,15.12,14.82,14.85,14.39855,22027400
2017-09-28,14.84,14.94,14.565,14.57,14.127061,11473100
2017-09-29,14.6,14.75,14.54,14.71,14.262806,6736900
2017-10-02,14.68,15.0,14.65,14.97,14.514902,13719600
2017-10-03,14.97,14.987,14.62,14.69,14.243413,10203600
2017-10-04,14.7,14.89,14.55,14.8,14.350071,7636300
2017-10-05,14.84,14.96,14.76,14.83,14.379157999999999,7074400
2017-10-06,14.79,14.85,14.58,14.8,14.350071,11827300
2017-10-09,14.84,14.97,14.77,14.8,14.350071,6254600
2017-10-10,14.82,15.03,14.81,14.96,14.505204999999998,9359400
2017-10-11,14.94,15.04,14.85,14.94,14.485814000000001,10469600
2017-10-12,14.93,14.94,14.73,14.8,14.350071,8238400
2017-10-13,14.65,15.06,14.64,14.89,14.437332999999999,9941500
2017-10-16,14.88,14.96,14.81,14.86,14.408245,6351400
2017-10-17,14.84,14.89,14.545,14.61,14.165845999999998,12841100
2017-10-18,14.67,14.8,14.665,14.7,14.253110000000001,6827100
2017-10-19,14.5,14.53,13.8,13.86,13.438645000000001,23836500
2017-10-20,13.88,14.185,13.8,14.04,13.613173000000002,12664400
2017-10-23,14.09,14.325,14.06,14.25,13.81679,8558400
2017-10-24,14.25,14.475,14.23,14.31,13.874967000000002,8236600
2017-10-25,14.28,14.29,13.88,14.08,13.651957999999999,15537300
2017-10-26,14.21,14.31,14.08,14.25,13.81679,7007000
2017-10-27,14.27,14.34,14.18,14.28,13.845877999999999,7034100
2017-10-30,14.23,14.28,13.91,13.98,13.554997,11940100
2017-10-31,14.02,14.055,13.875,13.92,13.496820999999999,10261900
2017-11-01,13.94,13.94,13.47,13.6,13.186551000000001,15500000
2017-11-02,13.57,13.66,13.485,13.63,13.215639000000001,17522400
2017-11-03,13.62,13.63,13.4,13.5,13.08959,9542900
2017-11-06,13.46,13.63,13.24,13.63,13.215639000000001,9582500
2017-11-07,13.6,13.74,13.52,13.57,13.157460999999998,7362300
2017-11-08,13.56,13.59,13.46,13.54,13.128375,7751800
2017-11-09,13.48,13.75,13.47,13.72,13.302903,6230900
2017-11-10,13.72,13.75,13.6,13.7,13.283509,4517900
2017-11-13,13.67,13.695,13.47,13.48,13.070198,14572600
2017-11-14,13.38,13.48,13.23,13.27,12.866583,11350600
2017-11-15,13.2,13.32,13.1,13.16,12.759926,12002200
2017-11-16,13.21,13.42,13.21,13.27,12.866583,14822100
2017-11-17,13.3,13.69,13.25,13.68,13.264119,12897100
2017-11-20,13.68,14.11,13.66,14.09,13.661654,12408800
2017-11-21,14.1,14.31,14.08,14.12,13.690742000000002,13733900
2017-11-22,13.2,13.4,12.815,13.1,12.701751,41931400
2017-11-24,13.21,13.39,13.15,13.32,12.915063,8555500
2017-11-27,13.21,13.54,13.15,13.47,13.060503,13862700
2017-11-28,13.47,13.95,13.405,13.88,13.458037,16054700
2017-11-29,13.95,14.3,13.79,13.97,13.545301,12094000
2017-11-30,13.99,14.17,13.92,13.95,13.525910000000001,15101600
2017-12-01,13.9,14.465,13.75,14.44,14.001014999999999,18544200
2017-12-04,14.44,14.52,14.19,14.23,13.797398000000001,11095700
2017-12-05,14.11,14.17,14.0,14.08,13.651957999999999,11892800
2017-12-06,14.02,14.23,13.99,14.16,13.729527,7091000
2017-12-07,14.2,14.27,14.125,14.22,13.787702,6818700
2017-12-08,14.23,14.39,14.23,14.34,13.904054,8114600
2017-12-11,14.25,14.59,14.23,14.58,14.136757000000001,11132200
2017-12-12,14.45,14.57,14.35,14.5,14.131885,12199800
2017-12-13,14.46,14.55,14.32,14.32,13.956454,8640800
2017-12-14,14.3,14.38,14.22,14.24,13.878485999999999,7601000
2017-12-15,14.29,14.48,14.255,14.41,14.044169,20251000
2017-12-18,14.45,14.93,14.43,14.9,14.521729,12653300
2017-12-19,14.88,14.9,14.74,14.8,14.424269,9792600
2017-12-20,14.79,14.79,14.635,14.71,14.336554999999999,9259700
2017-12-21,14.71,14.85,14.665,14.72,14.3463,7888300
2017-12-22,14.71,14.82,14.68,14.71,14.336554999999999,4166700
2017-12-26,14.69,14.785,14.67,14.74,14.365789999999999,2882800
2017-12-27,14.72,14.75,14.61,14.67,14.297569000000001,3260500
2017-12-28,14.69,14.7,14.555,14.61,14.239092000000001,3686400
2017-12-29,14.67,14.67,14.36,14.36,13.995439999999999,7076700
2018-01-02,14.43,14.63,14.38,14.61,14.239092000000001,7155700
2018-01-03,14.6,14.75,14.54,14.7,14.326807,7907200
2018-01-04,14.7,15.07,14.655,15.06,14.677669,11333500
2018-01-05,15.06,15.19,14.96,15.05,14.667922,12539400
2018-01-08,14.95,14.97,14.645,14.82,14.443760999999999,13052100
2018-01-09,14.85,14.98,14.81,14.85,14.473001000000002,14481200
2018-01-10,14.76,15.31,14.76,15.19,14.804367999999998,10171300
2018-01-11,15.2,15.49,15.17,15.45,15.057767000000002,8239900
2018-01-12,15.45,15.87,15.42,15.81,15.408628,15518900
2018-01-16,15.82,15.915,15.715,15.81,15.408628,9664400
2018-01-17,15.86,16.1,15.82,16.07,15.662026999999998,9450300
2018-01-18,16.030001000000002,16.1,15.94,15.97,15.564566000000001,9774600
2018-01-19,15.97,16.09,15.91,16.08,15.671772,9139500
2018-01-22,16.049999,16.08,15.9,16.049999,15.642532999999998,9415500
2018-01-23,16.280001000000002,16.719998999999998,16.200001,16.67,16.246796,14447000
2018-01-24,16.709999,16.889999,16.6,16.68,16.25654,11806000
2018-01-25,16.709999,16.84,16.450001,16.48,16.061617000000002,7765500
2018-01-26,16.549999,16.84,16.549999,16.709999,16.285778,9762400
2018-01-29,16.66,17.065001000000002,16.620001000000002,16.969998999999998,16.539177,10537100
2018-01-30,16.85,16.906,16.395,16.540001,16.120096,11202300
2018-01-31,16.59,16.690001000000002,16.309998999999998,16.4,15.983648,12419400
2018-02-01,16.4,16.879998999999998,16.32,16.790001,16.363749,13494800
2018-02-02,16.66,16.93,16.52,16.65,16.227304,13334000
2018-02-05,16.530001000000002,16.65,15.65,15.66,15.262435,15838100
2018-02-06,15.27,15.815,14.96,15.73,15.330657999999998,16226800
2018-02-07,15.67,15.785,15.33,15.56,15.164975,13112600
2018-02-08,15.53,15.68,15.04,15.04,14.658175,12061000
2018-02-09,15.2,15.415,14.655,15.3,14.911574,16716000
2018-02-12,15.42,15.85,15.36,15.75,15.350151,7683600
2018-02-13,15.63,15.63,15.31,15.47,15.07726,13734800
2018-02-14,15.41,16.219998999999998,15.35,16.15,15.739996,14008300
2018-02-15,16.280001000000002,16.48,16.040001,16.35,15.934919,8201600
2018-02-16,16.299999,16.559998999999998,16.209999,16.389999,15.973903,8506800
2018-02-20,16.469998999999998,16.684998999999998,16.41,16.52,16.100601,9037500
2018-02-21,16.6,16.684998999999998,16.219998999999998,16.25,15.837457999999998,10906500
2018-02-22,16.43,16.67,16.23,16.41,15.993395000000001,16299400
2018-02-23,18.01,18.190001000000002,17.559998999999998,18.139999,17.679476,45018300
2018-02-26,18.040001,18.799999,18.040001,18.549999,18.079063,25578200
2018-02-27,18.5,19.129998999999998,18.5,18.82,18.342213,20981300
2018-02-28,18.950001,19.07,18.59,18.59,18.118052,17526900
2018-03-01,18.700001,18.834999,18.139999,18.4,17.932875,14072000
2018-03-02,18.200001,18.799999,18.15,18.780001000000002,18.303228,14917400
2018-03-05,18.77,19.1,18.74,18.98,18.49815,11720600
2018-03-06,19.01,19.475,19.0,19.41,18.917233,11551400
2018-03-07,19.24,19.379998999999998,18.98,19.15,18.663834,11056300
2018-03-08,19.200001,19.23,18.844998999999998,18.950001,18.468912,10551000
2018-03-09,19.07,19.209999,18.98,19.16,18.673579999999998,14564800
2018-03-12,19.16,19.174999,19.0,19.07,18.585865,10161300
2018-03-13,19.09,19.23,18.860001,18.879998999999998,18.473343,9001700
2018-03-14,18.98,18.99,18.735001,18.85,18.443989000000002,11582800
2018-03-15,18.9,18.98,18.780001000000002,18.83,18.424419,15291600
2018-03-16,18.82,19.01,18.68,18.790001,18.385282999999998,21347600
2018-03-19,18.700001,18.83,18.5,18.700001,18.297220000000003,9447200
2018-03-20,18.790001,18.93,18.615,18.780001000000002,18.375498,11180300
2018-03-21,18.780001000000002,18.889999,18.57,18.709999,18.307001,10840800
2018-03-22,18.549999,18.645,18.299999,18.32,17.925406,10862300
2018-03-23,18.370001000000002,18.4,17.629998999999998,17.629998999999998,17.250267,10561400
2018-03-26,17.92,18.030001000000002,17.575001,17.99,17.602510000000002,11003500
2018-03-27,18.09,18.155001000000002,17.455,17.559998999999998,17.181772,12146200
2018-03-28,17.610001,17.799999,17.405001000000002,17.66,17.279621,14005200
2018-03-29,17.700001,17.754998999999998,17.455,17.540001,17.162205,16009600
2018-04-02,17.48,17.52,16.940001000000002,17.120001000000002,16.751253,10274600
2018-04-03,17.25,17.35,16.959999,17.139999,16.770820999999998,13363100
2018-04-04,16.83,17.309998999999998,16.76,17.25,16.878452,13204000
2018-04-05,17.42,17.42,17.120001000000002,17.200001,16.829529,15104800
2018-04-06,17.040001,17.219998999999998,16.610001,16.700001,16.3403,14149100
2018-04-09,16.73,17.209999,16.73,16.809998999999998,16.447929000000002,8445100
2018-04-10,17.07,17.4,17.07,17.25,16.878452,15303200
2018-04-11,17.200001,17.299999,17.091,17.24,16.868666,9828500
2018-04-12,17.35,17.6,17.33,17.41,17.035004,13920700
2018-04-13,17.51,17.51,17.18,17.4,17.025219,10062600
2018-04-16,17.450001,17.67,17.360001,17.559998999999998,17.181772,16959600
2018-04-17,17.68,17.879998999999998,17.620001000000002,17.75,17.367682000000002,16033300
2018-04-18,17.77,17.780001000000002,17.615,17.68,17.299191,9610200
2018-04-19,17.65,17.65,17.379998999999998,17.41,17.035004,7789300
2018-04-20,17.440001000000002,17.450001,17.16,17.290001,16.917591,7701600
2018-04-23,17.379998999999998,17.540001,17.305,17.42,17.04479,8083000
2018-04-24,17.5,17.68,17.25,17.360001,16.986082,10102900
2018-04-25,17.299999,17.415001,17.02,17.309998999999998,16.937159,9302400
2018-04-26,17.389999,17.514999,17.245001000000002,17.389999,17.015435999999998,10687300
2018-04-27,17.639999,17.639999,17.24,17.35,16.976297,8836700
2018-04-30,17.34,17.459999,17.049999,17.049999,16.682758,12473400
2018-05-01,16.99,17.200001,16.950001,17.18,16.809960999999998,9651800
2018-05-02,17.139999,17.26,17.07,17.120001000000002,16.751253,6367900
2018-05-03,16.99,17.08,16.75,16.9,16.535988,8031900
2018-05-04,16.85,17.254998999999998,16.780001000000002,17.209999,16.839314,6166900
2018-05-07,17.24,17.450001,17.190001000000002,17.299999,16.927374,10486700
2018-05-08,17.25,17.43,17.205,17.389999,17.015435999999998,12408100
2018-05-09,17.4,17.67,17.34,17.6,17.220913,13013900
2018-05-10,17.67,17.700001,17.5,17.65,17.269835999999998,12298200
2018-05-11,17.66,17.780001000000002,17.610001,17.67,17.289406,11498300
2018-05-14,17.75,17.82,17.59,17.59,17.211126,8456000
2018-05-15,17.48,17.530001000000002,17.285,17.4,17.025219,8365700
2018-05-16,17.41,17.68,17.370001000000002,17.629998999999998,17.250267,15259900
2018-05-17,17.68,17.76,17.434998999999998,17.67,17.289406,10602300
2018-05-18,17.66,17.67,17.48,17.559998999999998,17.181772,6784900
2018-05-21,17.66,17.74,17.48,17.51,17.132851000000002,6196800
2018-05-22,17.549999,17.68,17.41,17.41,17.035004,14421200
2018-05-23,16.85,16.950001,15.45,15.58,15.244420000000002,56055200
2018-05-24,15.55,15.81,15.16,15.76,15.420545,29516000
2018-05-25,15.75,15.82,15.44,15.52,15.185714,14411500
2018-05-29,15.43,15.486,15.26,15.38,15.048729000000002,9727000
2018-05-30,15.47,15.665,15.32,15.57,15.234635999999998,12024900
2018-05-31,15.53,15.59,15.12,15.24,14.911744,14448100
2018-06-01,15.33,15.53,15.32,15.53,15.195498,10896700
2018-06-04,15.5,15.74,15.37,15.54,15.205282,12236800
2018-06-05,15.5,16.129998999999998,15.45,16.059998999999998,15.714082000000001,22398000
2018-06-06,16.110001,16.110001,15.725,16.02,15.674944,12395000
2018-06-07,15.98,16.059998999999998,15.82,15.92,15.577098999999999,7794000
2018-06-08,15.82,16.02,15.787,16.01,15.665159,7921400
2018-06-11,15.96,16.18,15.96,16.02,15.674944,11639200
2018-06-12,15.92,16.0,15.78,15.79,15.559651,9010600
2018-06-13,15.76,15.89,15.7,15.79,15.559651,8437800
2018-06-14,15.87,16.120001000000002,15.75,15.82,15.589213,11926600
2018-06-15,15.8,15.95,15.62,15.95,15.717317000000001,25030400
2018-06-18,15.8,16.059998999999998,15.685,15.91,15.6779,12084700
2018-06-19,15.7,15.93,15.67,15.9,15.668045000000001,8432700
2018-06-20,15.95,15.99,15.13,15.15,14.928988,14603800
2018-06-21,15.2,15.49,15.14,15.42,15.195048000000002,14506700
2018-06-22,15.49,15.52,15.225,15.24,15.017674,9056600
2018-06-25,15.17,15.23,14.94,15.07,14.850154000000002,15972800
2018-06-26,15.11,15.55,15.06,15.17,14.948696,7978600
2018-06-27,15.22,15.25,14.72,14.72,14.50526,14323600
2018-06-28,14.71,14.77,14.475,14.71,14.495406,14739100
2018-06-29,14.77,14.85,14.61,14.61,14.396865,11694500
2018-07-02,14.5,14.84,14.46,14.8,14.584093,7088700
2018-07-03,14.79,14.92,14.75,14.77,14.554530999999999,4748200
2018-07-05,14.8,14.84,14.57,14.82,14.603801,9473800
2018-07-06,14.88,15.05,14.73,14.98,14.761467000000001,5527800
2018-07-09,15.04,15.315,14.99,15.23,15.00782,6362000
2018-07-10,15.24,15.535,15.2,15.5,15.273881,12151400
2018-07-11,15.31,15.35,15.08,15.1,14.879717000000001,8725700
2018-07-12,15.15,15.47,15.12,15.39,15.165485999999998,4759800
2018-07-13,15.34,15.53,15.3,15.49,15.264028,8808200
2018-07-16,15.45,15.65,15.335,15.64,15.411839,10738000
2018-07-17,15.59,15.8,15.56,15.66,15.431547,8883000
2018-07-18,15.69,15.95,15.65,15.93,15.697609,6992100
2018-07-19,15.93,16.155001000000002,15.61,15.64,15.411839,11530100
2018-07-20,15.59,15.615,15.405,15.47,15.244319,6592600
2018-07-23,15.41,15.55,15.27,15.47,15.244319,13145600
2018-07-24,15.61,15.665,15.25,15.3,15.076799,7481700
2018-07-25,15.24,15.49,15.23,15.48,15.254173000000002,5964900
2018-07-26,15.49,15.77,15.48,15.69,15.461109,4970600
2018-07-27,15.76,15.89,15.53,15.59,15.362568,5690100
2018-07-30,15.58,15.64,15.32,15.45,15.224611,4940000
2018-07-31,15.45,15.55,15.37,15.44,15.214756,6644700
2018-08-01,15.42,15.61,15.37,15.45,15.224611,5640200
2018-08-02,15.35,15.57,15.32,15.55,15.323153,7753100
2018-08-03,15.61,16.0,15.59,15.98,15.746879000000002,7397200
2018-08-06,15.93,16.045,15.85,16.01,15.776442000000001,5224100
2018-08-07,16.049999,16.23,16.02,16.129998999999998,15.894689999999999,4396500
2018-08-08,16.139999,16.290001,16.07,16.16,15.924253,4663000
2018-08-09,16.139999,16.225,16.059998999999998,16.110001,15.874982999999999,3503900
2018-08-10,15.98,16.084999,15.78,15.85,15.618776,5036700
2018-08-13,15.85,15.97,15.66,15.66,15.431547,5039600
2018-08-14,15.7,16.02,15.7,15.99,15.756732999999999,5182800
2018-08-15,15.86,16.09,15.79,16.030001000000002,15.79615,10275900
2018-08-16,16.120001000000002,16.389999,16.025,16.27,16.032648000000002,10663400
2018-08-17,16.25,16.795,16.208,16.67,16.426813,12400100
2018-08-20,16.74,16.959999,16.59,16.719998999999998,16.476082,9402400
2018-08-21,16.469998999999998,16.469998999999998,15.74,15.78,15.549795999999999,16634000
2018-08-22,15.76,15.92,15.72,15.82,15.589213,8331000
2018-08-23,15.81,16.459999,15.795,16.1,15.865129000000001,15522400
2018-08-24,16.16,16.309998999999998,15.98,16.200001,15.963671,9561000
2018-08-27,16.370001000000002,16.639999,16.26,16.450001,16.210022,13743900
2018-08-28,16.530001000000002,16.799999,16.51,16.74,16.495792,10950200
2018-08-29,17.030001000000002,17.59,16.65,16.709999,16.466228,25330100
2018-08-30,16.74,17.08,16.719998999999998,16.790001,16.545063,16188100
2018-08-31,16.77,16.77,16.4,16.530001000000002,16.288857,10675700
2018-09-04,16.42,16.715,16.17,16.67,16.426813,10016400
2018-09-05,16.690001000000002,16.700001,16.24,16.59,16.34798,13574000
2018-09-06,16.559998999999998,16.620001000000002,16.42,16.52,16.279003,8440700
2018-09-07,16.49,16.799999,16.389999,16.530001000000002,16.288857,10228900
2018-09-10,16.540001,16.549999,16.26,16.41,16.170607,12516300
2018-09-11,16.280001000000002,16.48,16.16,16.450001,16.32242,7953700
2018-09-12,16.389999,16.469998999999998,16.25,16.4,16.272807999999998,5614500
2018-09-13,16.5,16.73,16.434998999999998,16.540001,16.411722,11155800
2018-09-14,16.549999,16.66,16.475,16.58,16.451412,8040300
2018-09-17,16.58,16.68,16.23,16.280001000000002,16.153738,8686400
2018-09-18,16.309998999999998,16.68,16.264999,16.549999,16.421644,6680200
2018-09-19,16.57,16.700001,16.549999,16.639999,16.510946,6871500
2018-09-20,16.700001,16.98,16.68,16.870001000000002,16.739162,8726300
2018-09-21,16.950001,17.27,16.92,17.02,16.887999,26709600
2018-09-24,17.0,17.025,16.860001,16.92,16.788774,7291300
2018-09-25,16.870001000000002,16.965,16.530001000000002,16.549999,16.421644,17845200
2018-09-26,16.59,16.719998999999998,16.495001000000002,16.51,16.381954,8897900
2018-09-27,16.629998999999998,16.629998999999998,16.25,16.280001000000002,16.153738,12514200
2018-09-28,16.25,16.43,16.17,16.309998999999998,16.183504,12488000
2018-10-01,16.370001000000002,16.52,16.129998999999998,16.18,16.054514,9808600
2018-10-02,16.139999,16.629998999999998,16.139999,16.530001000000002,16.4018,9636500
2018-10-03,16.540001,16.91,16.459999,16.75,16.620092,10580100
2018-10-04,16.790001,17.0,16.780001000000002,16.85,16.719317999999998,10262800
2018-10-05,16.809998999999998,17.02,16.040001,16.139999,16.014824,12794700
2018-10-08,16.07,16.15,15.86,15.89,15.766764000000002,8991800
2018-10-09,15.87,15.92,15.59,15.69,15.568314,12074000
2018-10-10,15.65,15.77,15.09,15.11,14.992811999999999,10860900
2018-10-11,15.06,15.16,14.55,14.63,14.516535000000001,9075100
2018-10-12,14.92,15.46,14.89,15.42,15.300408,16598800
2018-10-15,15.42,15.51,15.24,15.34,15.221028,9344700
2018-10-16,15.45,15.54,15.27,15.51,15.389710000000001,6109300
2018-10-17,15.59,15.65,15.31,15.52,15.399632999999998,6231700
2018-10-18,15.4,15.53,15.1,15.33,15.211106,8275200
2018-10-19,15.35,15.63,15.34,15.44,15.320251999999998,7652700
2018-10-22,15.54,15.89,15.52,15.84,15.717151000000001,7881600
2018-10-23,15.53,15.75,15.31,15.65,15.528623999999999,9081300
2018-10-24,15.63,15.795,15.06,15.09,14.972967,8119500
2018-10-25,15.2,15.345,15.08,15.15,15.032502,8175700
2018-10-26,14.97,14.98,14.476,14.63,14.516535000000001,10469500
2018-10-29,14.8,15.05,14.36,14.57,14.457,8024400
2018-10-30,14.57,14.94,14.51,14.93,14.814209,8297100
2018-10-31,15.14,15.52,15.14,15.25,15.131726,9547400
2018-11-01,15.24,15.8,15.24,15.8,15.677461,6066800
2018-11-02,15.83,16.094998999999998,15.735,15.89,15.766764000000002,15140700
2018-11-05,15.89,16.01,15.68,15.93,15.806453,6268100
2018-11-06,15.93,16.07,15.83,15.88,15.756841,13047300
2018-11-07,16.030001000000002,16.25,15.84,16.24,16.114048,18460200
2018-11-08,16.190001000000002,16.518998999999997,16.15,16.25,16.12397,7195500
2018-11-09,16.129998999999998,16.195,15.565,15.72,15.598082000000002,10721500
2018-11-12,15.58,15.605,15.19,15.28,15.161493,9571300
2018-11-13,15.31,15.61,15.245,15.34,15.221028,9517000
2018-11-14,15.48,15.675,15.11,15.15,15.032502,16235400
2018-11-15,15.07,15.48,14.89,15.32,15.201182999999999,15280000
2018-11-16,15.28,15.35,15.1,15.2,15.082114,11150600
2018-11-19,15.1,15.215,14.7,14.83,14.714984,12707700
2018-11-20,14.6,14.8,14.405,14.53,14.417310999999998,11300700
2018-11-21,14.64,14.93,14.63,14.7,14.585992000000001,8652300
2018-11-23,14.56,14.715,14.49,14.54,14.427233,2909400
2018-11-26,14.72,14.985,14.69,14.91,14.794363,9953900
2018-11-27,14.79,15.06,14.76,15.06,14.9432,7771900
2018-11-28,15.18,15.46,14.9,15.46,15.340097,13439200
2018-11-29,15.4,15.42,15.1,15.12,15.002734,10922000
2018-11-30,15.09,15.14,14.77,15.0,14.883664999999999,20963100
2018-12-03,15.26,15.53,15.22,15.5,15.379787,14845100
2018-12-04,15.42,15.54,14.98,15.05,14.933278,18349500
2018-12-06,14.81,16.26,14.56,16.02,15.895755,29136600
2018-12-07,15.97,15.97,14.66,14.71,14.595915,18469900
2018-12-10,14.62,14.845,14.19,14.57,14.457,14047500
2018-12-11,14.58,14.83,14.38,14.74,14.74,16343600
2018-12-12,14.96,14.99,14.63,14.64,14.64,14122900
2018-12-13,14.65,14.93,14.44,14.49,14.49,12862100
2018-12-14,14.35,14.46,14.2,14.22,14.22,11166200
2018-12-17,14.17,14.27,13.55,13.59,13.59,17072700
2018-12-18,13.71,13.93,13.54,13.63,13.63,12805000
2018-12-19,13.59,13.84,13.07,13.17,13.17,14299900
2018-12-20,13.08,13.16,12.595,12.65,12.65,18528300
2018-12-21,12.66,13.0,12.485,12.61,12.61,25427500
2018-12-24,12.46,12.595,12.225,12.27,12.27,5400200
2018-12-26,12.34,12.86,12.087,12.81,12.81,10312200
2018-12-27,12.69,13.12,12.54,13.1,13.1,8150300
2018-12-28,13.21,13.315,12.97,13.03,13.03,8727000
