Date,Open,High,Low,Close,Adj Close,Volume
2015-07-06,71.0,74.290001,71.0,72.959999,64.556145,3809700
2015-07-07,73.730003,74.709999,72.959999,74.629997,66.03379100000001,5794800
2015-07-08,74.300003,75.5,74.040001,75.400002,66.715103,4276600
2015-07-09,76.470001,77.066002,74.5,74.800003,66.18420400000001,4267100
2015-07-10,75.050003,77.800003,75.0,77.309998,68.40509,4983000
2015-07-13,79.5,79.699997,77.910004,78.83000200000001,69.750031,9078900
2015-07-14,79.449997,79.5,77.650002,78.0,69.015633,18746100
2015-07-15,77.650002,78.16999799999999,76.400002,76.709999,67.874214,6330500
2015-07-16,76.970001,78.839996,76.949997,78.75,69.679253,5634100
2015-07-17,79.43,79.690002,77.260002,79.629997,70.45785500000001,6100900
2015-07-20,79.949997,81.199997,79.129997,80.110001,70.882591,10284500
2015-07-21,79.970001,80.68,79.400002,80.220001,70.979927,6088600
2015-07-22,80.83000200000001,80.900002,78.58000200000001,78.639999,69.581909,5201200
2015-07-23,78.41999799999999,78.57,76.639999,76.739998,68.37899,2975400
2015-07-24,76.91999799999999,77.43,75.949997,76.410004,68.084953,3116000
2015-07-27,76.629997,77.980003,76.290001,77.379997,68.949265,5774300
2015-07-28,78.440002,78.650002,77.5,78.32,69.78684200000001,1895900
2015-07-29,78.260002,78.300003,77.0,77.910004,69.421524,2278600
2015-07-30,78.209999,79.690002,77.599998,79.209999,70.57988,3247000
2015-07-31,79.940002,79.940002,78.864998,79.470001,70.811554,2685500
2015-08-03,80.0,81.029999,79.910004,80.370003,71.61350999999999,2681800
2015-08-04,80.57,81.0,79.66999799999999,79.809998,71.114502,2429600
2015-08-05,80.010002,81.0,79.849998,80.480003,71.71151,4324300
2015-08-06,81.050003,81.190002,79.510002,79.760002,71.069962,3708600
2015-08-07,79.139999,79.379997,77.290001,78.459999,69.911591,3274100
2015-08-10,79.43,79.800003,78.57,78.809998,70.22345,3252300
2015-08-11,77.629997,80.480003,77.07,77.970001,69.474983,3679600
2015-08-12,77.83000200000001,78.309998,76.089996,76.690002,68.33444200000001,3688800
2015-08-13,77.010002,77.07,75.800003,75.989998,67.710693,2917500
2015-08-14,76.07,76.739998,75.116997,76.41999799999999,68.09384200000001,2572800
2015-08-17,75.860001,76.410004,75.510002,75.800003,67.541412,2260300
2015-08-18,75.720001,75.95300300000001,75.059998,75.190002,66.997879,2009700
2015-08-19,75.0,75.290001,73.91999799999999,74.779999,66.63252299999999,3025700
2015-08-20,74.019997,74.764,73.779999,74.25,66.160278,2207000
2015-08-21,73.309998,74.25,72.260002,72.269997,64.396011,5564500
2015-08-24,68.239998,72.239998,61.419998,70.870003,63.148540000000004,9844600
2015-08-25,71.540001,72.400002,70.0,70.209999,62.560455000000005,4423400
2015-08-26,71.720001,74.110001,69.529999,73.910004,65.857323,5356300
2015-08-27,73.16999799999999,75.25,73.120003,75.18,66.98895999999999,5937800
2015-08-28,74.400002,75.190002,73.82,74.690002,66.55234499999999,2150100
2015-08-31,74.209999,74.43,72.57,72.660004,64.743515,2623200
2015-09-01,71.230003,72.540001,69.639999,70.120003,62.480263,4671400
2015-09-02,70.839996,72.07,70.309998,72.07,64.21779599999999,2986500
2015-09-03,72.559998,73.889999,71.790001,72.160004,64.297989,2595300
2015-09-04,71.139999,71.690002,70.128998,70.57,62.881232999999995,2997000
2015-09-08,71.849998,74.33000200000001,70.809998,74.07,65.999886,4450700
2015-09-09,74.449997,74.5,71.980003,72.16999799999999,64.30690799999999,2926300
2015-09-10,72.129997,73.050003,71.779999,72.160004,64.297989,3619700
2015-09-11,72.25,73.93,71.599998,73.760002,65.723663,2146700
2015-09-14,73.5,74.709999,72.555,74.550003,66.427612,2927400
2015-09-15,74.940002,75.519997,73.754997,75.389999,67.176079,2955300
2015-09-16,75.199997,76.709999,74.300003,76.370003,68.049309,2302800
2015-09-17,76.58000200000001,77.760002,76.0,76.43,68.102776,3142600
2015-09-18,75.550003,76.5,75.010002,75.440002,67.22063399999999,7175000
2015-09-21,75.690002,76.190002,74.959999,75.199997,67.006775,3256300
2015-09-22,74.150002,74.870003,73.660004,74.309998,66.213737,2628700
2015-09-23,74.16999799999999,74.598,73.254997,73.309998,65.32270799999999,3713200
2015-09-24,73.0,73.139999,71.699997,72.91999799999999,64.97518199999999,4416100
2015-09-25,73.800003,73.849998,72.779999,73.349998,65.358337,3517000
2015-09-28,72.809998,73.269997,69.989998,69.989998,62.36441800000001,5006600
2015-09-29,70.160004,70.980003,68.650002,69.199997,61.660495999999995,3870900
2015-09-30,69.66999799999999,70.800003,69.459999,70.58000200000001,62.890137,3098000
2015-10-01,71.269997,71.970001,69.769997,70.83000200000001,63.11290699999999,2519700
2015-10-02,70.190002,71.459999,69.370003,71.410004,63.629723,2593100
2015-10-05,72.0,73.25,71.349998,72.239998,64.36927800000001,6323500
2015-10-06,72.290001,73.050003,71.889999,72.470001,64.574219,2760200
2015-10-07,72.739998,73.739998,72.480003,73.150002,65.18013,2325200
2015-10-08,73.160004,74.470001,72.739998,74.43,66.320656,2239700
2015-10-09,74.410004,75.220001,73.989998,74.389999,66.285027,2938100
2015-10-12,74.410004,74.410004,73.309998,73.720001,65.68802600000001,2081100
2015-10-13,73.610001,73.93,73.18,73.379997,65.385063,2147500
2015-10-14,73.120003,74.300003,73.0,73.769997,65.732582,1956800
2015-10-15,74.150002,75.220001,73.92199699999999,75.220001,67.02459,2135700
2015-10-16,75.68,78.0,74.870003,77.389999,68.958168,3435200
2015-10-19,76.889999,77.199997,76.290001,76.800003,68.432457,1951900
2015-10-20,76.199997,77.160004,76.110001,76.870003,68.494827,1902900
2015-10-21,77.0,77.739998,76.629997,77.050003,68.65522,2370100
2015-10-22,77.220001,79.940002,77.220001,79.940002,71.230354,3951700
2015-10-23,79.150002,79.889999,77.43,77.980003,69.48391,3179000
2015-10-26,78.18,78.18,76.480003,76.809998,68.441353,2563800
2015-10-27,76.209999,77.480003,76.209999,77.16999799999999,68.76213800000001,2435200
2015-10-28,77.150002,79.199997,76.339996,79.18,70.553146,2382000
2015-10-29,78.839996,78.997002,77.84899899999999,78.650002,70.080894,1756700
2015-10-30,78.370003,78.989998,77.860001,77.970001,69.474983,2053000
2015-11-02,78.43,78.93,77.720001,78.269997,69.742287,1536500
2015-11-03,77.83000200000001,78.0,75.879997,76.43,68.102776,4489800
2015-11-04,76.32,76.667999,75.239998,75.82,67.559227,2630400
2015-11-05,76.199997,76.499001,74.75,75.41999799999999,67.202812,3347200
2015-11-06,73.75,74.5,71.58000200000001,72.010002,64.164337,8819900
2015-11-09,72.0,72.68,70.849998,71.239998,63.478237,4231000
2015-11-10,71.75,72.220001,71.15100100000001,72.08000200000001,64.22670699999999,3470400
2015-11-11,72.699997,72.860001,71.360001,72.110001,64.25344799999999,3537300
2015-11-12,71.18,71.377998,70.25,70.900002,63.683064,3931500
2015-11-13,70.620003,71.709999,70.58000200000001,70.769997,63.566306999999995,3008000
2015-11-16,71.019997,72.110001,70.940002,71.654999,64.361221,2398400
2015-11-17,72.099998,72.129997,70.639999,71.449997,64.177086,4247400
2015-11-18,71.839996,73.035004,71.16999799999999,72.584999,65.19654799999999,3780200
2015-11-19,73.25,73.730003,72.339996,73.339996,65.874718,2828700
2015-11-20,74.16999799999999,75.57,73.400002,73.650002,66.153152,4003200
2015-11-23,74.029999,74.540001,73.894997,74.07,66.530411,2706000
2015-11-24,73.730003,74.510002,73.68,74.470001,66.88969399999999,2863900
2015-11-25,74.449997,74.91999799999999,73.849998,74.639999,67.042389,2384100
2015-11-27,74.57,75.0,74.220001,74.610001,67.015427,777300
2015-11-30,74.519997,74.860001,73.5,73.690002,66.189087,4200100
2015-12-01,74.230003,75.0,73.800003,74.470001,66.88969399999999,3749300
2015-12-02,74.209999,74.620003,72.91999799999999,73.040001,65.605255,2568600
2015-12-03,73.300003,73.68,71.089996,71.459999,64.186073,3019000
2015-12-04,71.400002,72.730003,71.07,72.220001,64.868721,4495900
2015-12-07,71.91999799999999,72.20500200000001,70.849998,71.43,64.159134,3323600
2015-12-08,71.0,71.654999,70.587997,71.529999,64.24895500000001,4519800
2015-12-09,71.160004,72.16999799999999,70.5,70.900002,63.683064,3940800
2015-12-10,70.83000200000001,71.334999,70.510002,70.839996,63.629177,2724300
2015-12-11,70.089996,70.690002,69.389999,69.690002,62.596249,3756000
2015-12-14,70.07,71.08000200000001,69.769997,70.974998,63.750446,3881600
2015-12-15,71.730003,72.75,71.650002,72.010002,64.68010699999999,4168700
2015-12-16,72.610001,73.199997,71.889999,73.010002,65.5783,2176900
2015-12-17,72.949997,73.300003,71.900002,71.91999799999999,64.599236,2402700
2015-12-18,71.41999799999999,71.940002,70.629997,70.66999799999999,63.476479000000005,6568300
2015-12-21,70.519997,71.660004,70.370003,71.379997,64.64016,5466900
2015-12-22,71.639999,73.190002,71.315002,72.93,66.043785,5051400
2015-12-23,73.300003,74.779999,72.989998,74.510002,67.474625,4193400
2015-12-24,74.809998,74.809998,73.879997,73.959999,66.976547,1962500
2015-12-28,73.709999,73.783997,72.889999,73.41999799999999,66.48754100000001,5421800
2015-12-29,73.650002,74.860001,73.400002,74.690002,67.637627,4350900
2015-12-30,74.650002,74.959999,73.709999,73.75,66.786377,1779900
2015-12-31,73.370003,73.5,72.629997,72.760002,65.889862,1857100
2016-01-04,71.379997,72.849998,71.349998,72.699997,65.83551800000001,5209400
2016-01-05,72.739998,73.58000200000001,72.279999,73.389999,66.460358,3858200
2016-01-06,72.199997,73.68,72.029999,73.529999,66.587135,3294700
2016-01-07,72.010002,72.989998,71.849998,71.900002,65.111038,4050300
2016-01-08,72.190002,72.470001,71.099998,71.18,64.45903,3092100
2016-01-11,71.349998,72.529999,70.769997,72.269997,65.446114,3329000
2016-01-12,72.849998,73.349998,72.13200400000001,73.230003,66.315475,2924600
2016-01-13,73.190002,73.440002,70.639999,70.809998,64.12397800000001,3448500
2016-01-14,70.959999,71.528,70.304001,70.739998,64.060585,4610600
2016-01-15,68.900002,70.150002,68.18,69.199997,62.66599300000001,6551200
2016-01-19,70.010002,70.519997,69.550003,70.16999799999999,63.544399,5107100
2016-01-20,69.279999,71.58000200000001,68.739998,71.16999799999999,64.449989,4607000
2016-01-21,72.0,73.33000200000001,71.32599599999999,73.050003,66.152466,6208200
2016-01-22,73.599998,74.5,72.510002,74.389999,67.365936,3111700
2016-01-25,73.699997,74.66999799999999,73.339996,74.029999,67.03994,4123100
2016-01-26,73.370003,76.0,73.370003,75.980003,68.805817,3850200
2016-01-27,75.870003,77.150002,75.150002,75.970001,68.796768,5348200
2016-01-28,76.269997,76.989998,75.480003,76.160004,68.968811,3542400
2016-01-29,76.900002,78.220001,76.400002,78.059998,70.689415,4508200
2016-02-01,77.370003,77.480003,75.66999799999999,77.010002,69.738556,3564200
2016-02-02,75.970001,76.800003,75.720001,75.970001,68.796768,5631600
2016-02-03,76.370003,76.370003,73.83000200000001,74.889999,67.818726,6239700
2016-02-04,75.040001,75.199997,72.91999799999999,74.150002,67.14859,7065100
2016-02-05,74.279999,74.559998,72.139999,72.779999,65.90795899999999,9351600
2016-02-08,72.089996,72.199997,70.18,71.220001,64.495255,4704600
2016-02-09,70.599998,71.959999,70.010002,71.510002,64.75788100000001,4611000
2016-02-10,72.07,73.300003,71.712997,72.110001,65.301231,2520100
2016-02-11,70.900002,71.959999,70.17400400000001,71.440002,64.694496,3041500
2016-02-12,72.199997,72.449997,71.019997,71.91999799999999,65.12915799999999,2985800
2016-02-16,72.900002,73.059998,71.91999799999999,72.309998,65.482338,3852100
2016-02-17,73.0,74.389999,72.5,74.239998,67.23011,3628100
2016-02-18,74.08000200000001,74.290001,73.339996,73.449997,66.51469399999999,2755200
2016-02-19,72.900002,73.693001,72.83000200000001,73.519997,66.578079,4333500
2016-02-22,74.389999,74.389999,72.209999,73.33000200000001,66.406029,2916700
2016-02-23,73.099998,73.489998,72.559998,72.82,65.944176,2805600
2016-02-24,72.33000200000001,73.33000200000001,71.824997,72.989998,66.098137,3526500
2016-02-25,73.410004,74.980003,73.33000200000001,74.959999,67.882111,4913100
2016-02-26,78.800003,78.900002,76.650002,77.839996,70.490173,10319700
2016-02-29,77.279999,78.0,76.93,77.019997,69.74760400000001,4885500
2016-03-01,77.660004,77.91999799999999,76.91999799999999,77.660004,70.327179,5445500
2016-03-02,77.610001,77.800003,76.120003,77.489998,70.173225,5075800
2016-03-03,77.300003,77.550003,76.459999,77.370003,70.06456800000001,3239900
2016-03-04,77.910004,77.91999799999999,76.260002,77.199997,69.910614,3677800
2016-03-07,77.010002,77.389999,76.139999,76.5,69.276718,2574800
2016-03-08,76.010002,77.150002,75.940002,76.290001,69.08654,2783700
2016-03-09,76.66999799999999,77.0,75.800003,76.629997,69.39444,2631300
2016-03-10,76.980003,77.146004,75.550003,76.220001,69.023155,2107200
2016-03-11,77.260002,77.349998,76.410004,76.949997,69.684219,2342700
2016-03-14,76.879997,77.769997,76.099998,77.57,70.245674,2278300
2016-03-15,77.459999,77.82,76.82,77.779999,70.435852,2924700
2016-03-16,77.980003,78.110001,76.949997,78.029999,71.188515,3400000
2016-03-17,77.58000200000001,78.099998,76.739998,78.010002,71.170273,4506000
2016-03-18,78.379997,78.389999,76.769997,77.309998,70.53164699999999,9081000
2016-03-21,76.970001,77.5,76.16999799999999,76.589996,69.874763,3203400
2016-03-22,76.989998,77.025002,76.029999,76.440002,69.737938,2615600
2016-03-23,76.57,77.059998,76.209999,76.809998,70.075478,2295800
2016-03-24,76.769997,77.269997,75.859001,76.459999,69.75617199999999,3356700
2016-03-28,76.620003,77.93,76.059998,77.760002,70.9422,3581800
2016-03-29,77.58000200000001,78.809998,77.029999,78.800003,71.891014,3860700
2016-03-30,78.91999799999999,79.050003,78.269997,78.900002,71.982231,3339900
2016-03-31,78.949997,78.949997,78.279999,78.559998,71.67205,3400300
2016-04-01,78.529999,79.160004,78.114998,79.08000200000001,72.146461,3418200
2016-04-04,78.970001,79.089996,78.379997,78.849998,71.936615,3495200
2016-04-05,78.470001,78.849998,77.889999,78.010002,71.170273,2679600
2016-04-06,78.41999799999999,78.41999799999999,77.5,78.360001,71.489594,2413900
2016-04-07,78.019997,78.290001,77.025002,77.5,70.704987,3216400
2016-04-08,77.970001,78.599998,77.540001,78.470001,71.589951,2139000
2016-04-11,78.730003,79.0,77.849998,77.910004,71.079048,2894800
2016-04-12,78.0,78.629997,77.540001,78.33000200000001,71.462227,2324000
2016-04-13,78.68,78.730003,77.089996,77.400002,70.613754,3246400
2016-04-14,77.400002,77.815002,76.889999,77.16999799999999,70.40392299999999,3146900
2016-04-15,77.559998,78.290001,77.129997,78.050003,71.206757,3042200
2016-04-18,77.91999799999999,78.360001,77.269997,78.339996,71.471336,2204800
2016-04-19,78.339996,78.879997,77.860001,78.300003,71.434853,2591200
2016-04-20,78.339996,78.68,77.5,77.91999799999999,71.088165,1867400
2016-04-21,77.790001,77.91999799999999,76.640999,76.739998,70.01162,2110700
2016-04-22,76.699997,78.150002,76.699997,78.099998,71.25237299999999,2409800
2016-04-25,77.879997,78.839996,77.540001,78.730003,71.827148,2323800
2016-04-26,78.709999,79.550003,78.510002,78.699997,71.799774,2315700
2016-04-27,79.220001,79.5,77.989998,79.099998,72.164703,2249600
2016-04-28,78.550003,79.230003,78.089996,78.360001,71.489594,1962600
2016-04-29,77.610001,78.285004,77.129997,78.07,71.225014,3208700
2016-05-02,78.07,80.25,78.0,79.519997,72.547874,3700700
2016-05-03,79.019997,79.290001,78.221001,78.68,71.781532,2508200
2016-05-04,78.480003,80.300003,78.290001,79.980003,72.967545,4543800
2016-05-05,82.959999,84.16999799999999,82.5,82.970001,75.695396,8629300
2016-05-06,82.83000200000001,84.040001,81.940002,84.0,76.635086,3993600
2016-05-09,84.0,84.790001,83.639999,84.260002,76.872284,3272300
2016-05-10,84.440002,86.199997,84.230003,86.139999,78.58744,3585500
2016-05-11,85.970001,86.540001,85.190002,85.199997,77.729866,2824500
2016-05-12,85.480003,86.660004,85.150002,86.339996,78.769913,2427500
2016-05-13,86.029999,86.449997,84.720001,85.129997,77.66600799999999,2857300
2016-05-16,85.33000200000001,86.239998,85.040001,85.870003,78.341133,2061900
2016-05-17,85.690002,86.059998,81.769997,82.160004,74.956413,7395100
2016-05-18,81.949997,82.278999,80.459999,81.18,74.062332,8695600
2016-05-19,80.849998,83.019997,80.610001,83.0,75.722755,3932800
2016-05-20,82.400002,82.860001,81.82,82.41999799999999,75.19360400000001,2720100
2016-05-23,82.510002,83.25,82.41999799999999,82.809998,75.549423,1980600
2016-05-24,83.129997,84.375,82.699997,84.220001,76.8358,2385600
2016-05-25,83.559998,84.779999,83.129997,84.269997,77.40992,2563100
2016-05-26,84.019997,84.82,83.760002,83.809998,76.98736600000001,2419200
2016-05-27,83.660004,84.260002,83.5,84.099998,77.253761,1272800
2016-05-31,84.160004,84.440002,82.67400400000001,83.190002,76.417839,3943700
2016-06-01,83.089996,83.989998,83.0,83.949997,77.115959,1955400
2016-06-02,83.879997,84.790001,83.550003,84.779999,77.878403,2143400
2016-06-03,85.0,85.41999799999999,84.699997,85.300003,78.35607900000001,3031400
2016-06-06,85.5,85.599998,84.690002,84.989998,78.071304,2551900
2016-06-07,85.16999799999999,85.68,84.620003,84.75,77.85084499999999,2454400
2016-06-08,85.059998,85.41999799999999,84.33000200000001,85.18,78.245834,1757200
2016-06-09,84.91999799999999,85.730003,84.779999,85.620003,78.650017,2098600
2016-06-10,85.599998,85.599998,84.709999,85.339996,78.39280699999999,2118000
2016-06-13,85.269997,85.75,84.644997,84.949997,78.034554,2790400
2016-06-14,84.940002,85.290001,84.33000200000001,84.879997,77.970253,2637500
2016-06-15,85.0,85.389999,84.360001,84.839996,77.933502,2967400
2016-06-16,84.68,85.32,83.980003,85.279999,78.337685,2333400
2016-06-17,85.339996,85.370003,84.019997,84.82,77.915138,5526500
2016-06-20,85.489998,86.5,85.237999,85.5,78.53978000000001,2854100
2016-06-21,85.540001,86.440002,85.489998,85.690002,78.71431700000001,1953700
2016-06-22,85.940002,85.989998,85.08000200000001,85.209999,78.273392,1961400
2016-06-23,85.940002,86.388,85.425003,86.370003,79.338959,2452200
2016-06-24,83.699997,85.099998,83.41999799999999,83.730003,76.91387900000001,11942100
2016-06-27,83.230003,83.849998,82.5,83.629997,76.822037,3458500
2016-06-28,83.876999,84.790001,83.0,84.769997,77.869209,3569400
2016-06-29,85.029999,86.33000200000001,84.699997,86.099998,79.090942,3348300
2016-06-30,86.389999,88.629997,86.16999799999999,88.480003,81.277199,5571200
2016-07-01,88.58000200000001,89.400002,88.150002,88.239998,81.056725,2551300
2016-07-05,88.190002,89.489998,87.5,88.739998,81.51602199999999,3320400
2016-07-06,88.650002,89.764999,88.25,89.739998,82.434616,3331700
2016-07-07,89.57,89.82,88.809998,89.309998,82.039627,2525600
2016-07-08,89.93,90.260002,89.129997,89.849998,82.535675,3703300
2016-07-11,89.93,90.150002,89.309998,89.839996,82.526474,2860500
2016-07-12,89.489998,89.720001,87.629997,87.800003,80.652557,4362900
2016-07-13,87.83000200000001,89.08000200000001,87.629997,89.019997,81.773239,2702400
2016-07-14,89.139999,89.247002,87.860001,88.339996,81.14859,3457800
2016-07-15,88.900002,89.220001,88.129997,88.860001,81.626274,2311700
2016-07-18,89.08000200000001,89.300003,88.540001,89.099998,81.846733,1769400
2016-07-19,88.839996,89.110001,88.260002,88.970001,81.727303,1751700
2016-07-20,88.870003,88.949997,87.940002,88.16999799999999,80.992432,2229500
2016-07-21,88.099998,88.190002,87.327003,87.639999,80.505577,2081100
2016-07-22,88.019997,88.489998,87.815002,88.160004,80.983253,2022900
2016-07-25,88.160004,88.43,87.83000200000001,88.410004,81.212898,1447400
2016-07-26,88.540001,88.790001,87.040001,87.059998,79.972794,1553100
2016-07-27,87.379997,87.459999,85.199997,85.629997,78.659195,3853000
2016-07-28,85.68,86.209999,85.239998,85.959999,78.96234100000001,2190300
2016-07-29,86.230003,86.629997,85.860001,86.389999,79.357338,1778900
2016-08-01,86.300003,86.58000200000001,85.519997,85.970001,78.97152700000001,2778500
2016-08-02,85.75,85.75,84.639999,85.150002,78.218277,2832300
2016-08-03,85.309998,85.475998,84.25,84.900002,77.988632,2491500
2016-08-04,85.129997,85.639999,84.68,85.540001,78.57653,3154800
2016-08-05,89.849998,90.489998,88.5,88.790001,81.561966,5106200
2016-08-08,88.709999,88.790001,87.589996,88.75,81.52520799999999,2428000
2016-08-09,88.93,89.989998,88.735001,89.779999,82.471352,2275800
2016-08-10,89.769997,89.949997,88.970001,89.349998,82.07637,1423100
2016-08-11,89.709999,90.43,89.290001,89.440002,82.15905,2572500
2016-08-12,89.230003,90.470001,89.230003,89.559998,82.269264,1539100
2016-08-15,89.709999,89.889999,88.849998,89.08000200000001,81.828354,1661000
2016-08-16,89.029999,89.16999799999999,88.254997,88.959999,81.718117,2259300
2016-08-17,89.050003,89.470001,88.239998,89.410004,82.131485,1832700
2016-08-18,89.300003,89.860001,89.099998,89.760002,82.452988,1823000
2016-08-19,89.599998,90.199997,89.349998,89.91999799999999,82.599976,1694900
2016-08-22,89.879997,90.389999,89.519997,89.970001,82.64589699999999,2092800
2016-08-23,90.25,90.480003,89.347,89.470001,82.186607,2020000
2016-08-24,88.839996,88.989998,88.029999,88.949997,82.260597,2581200
2016-08-25,88.989998,89.940002,88.693001,88.900002,82.214348,1825900
2016-08-26,89.040001,89.449997,87.91999799999999,88.16999799999999,81.539253,1863600
2016-08-29,88.349998,88.809998,88.129997,88.57,81.909164,1670300
2016-08-30,88.629997,88.824997,87.769997,87.970001,81.354294,1841500
2016-08-31,88.110001,89.82,88.110001,89.489998,82.75997199999999,2696400
2016-09-01,89.57,89.709999,88.540001,89.480003,82.750732,2215500
2016-09-02,89.900002,90.540001,89.110001,89.610001,82.870972,2062100
2016-09-06,89.690002,90.18,89.135002,89.739998,82.991173,1786400
2016-09-07,89.230003,89.809998,88.959999,89.790001,83.037415,3344800
2016-09-08,89.699997,89.790001,88.709999,89.190002,82.48254399999999,2175700
2016-09-09,88.239998,88.370003,85.949997,85.970001,79.5047,3837900
2016-09-12,85.58000200000001,88.699997,85.349998,88.559998,81.899918,3015000
2016-09-13,89.269997,89.269997,87.449997,88.269997,81.631737,2579800
2016-09-14,88.129997,88.82,87.379997,87.68,81.08609,1898400
2016-09-15,87.360001,89.260002,87.32,89.16999799999999,82.46405,1912600
2016-09-16,88.83000200000001,89.129997,87.650002,88.940002,82.25135,4476800
2016-09-19,88.879997,89.0,86.900002,86.970001,80.429482,4027700
2016-09-20,87.480003,87.720001,87.099998,87.120003,80.568207,3018400
2016-09-21,87.260002,88.160004,86.760002,87.910004,81.298805,2592400
2016-09-22,88.629997,89.160004,88.339996,89.050003,82.353073,1516800
2016-09-23,89.190002,89.5,88.66999799999999,88.83000200000001,82.149612,1467000
2016-09-26,88.779999,88.980003,88.059998,88.529999,81.872162,1487400
2016-09-27,88.760002,89.489998,88.519997,89.230003,82.519539,1530300
2016-09-28,89.58000200000001,89.620003,88.809998,89.550003,82.81546800000001,1628700
2016-09-29,89.230003,89.43,88.410004,88.57,81.909164,1411800
2016-09-30,89.0,89.910004,88.849998,89.510002,82.77847299999999,2499200
2016-10-03,89.25,89.459999,88.75,89.08000200000001,82.380806,1857900
2016-10-04,89.290001,89.290001,87.690002,88.019997,81.40052,1940500
2016-10-05,88.32,88.32,87.339996,87.379997,80.808662,1910900
2016-10-06,87.029999,87.660004,86.779999,87.489998,80.910393,1172000
2016-10-07,87.760002,87.760002,86.699997,87.400002,80.827164,1723500
2016-10-10,87.440002,88.66999799999999,87.440002,88.5,81.844421,1969000
2016-10-11,88.239998,88.5,87.059998,87.239998,80.679192,2508700
2016-10-12,88.459999,88.459999,87.0,87.139999,80.58671600000001,3072600
2016-10-13,86.790001,87.32,86.5,87.050003,80.503479,2861900
2016-10-14,87.339996,88.699997,87.059998,88.529999,81.872162,2388900
2016-10-17,88.720001,89.0,88.029999,88.83000200000001,82.149612,2208400
2016-10-18,90.089996,90.150002,88.900002,88.93,82.242088,2543800
2016-10-19,88.93,88.949997,87.550003,88.08000200000001,81.456024,2721000
2016-10-20,87.220001,88.760002,87.220001,87.959999,81.345039,2662100
2016-10-21,87.650002,88.18,86.980003,87.91999799999999,81.308052,2086600
2016-10-24,88.610001,89.220001,88.511002,88.910004,82.223602,1744500
2016-10-25,89.230003,89.68,88.16999799999999,88.360001,81.714958,3220100
2016-10-26,88.510002,88.699997,87.910004,88.08000200000001,81.456024,1513400
2016-10-27,88.16999799999999,88.370003,87.181,87.690002,81.095352,2127800
2016-10-28,87.480003,88.66999799999999,87.480003,88.08000200000001,81.456024,1771100
2016-10-31,88.440002,89.160004,88.309998,88.949997,82.260597,3577400
2016-11-01,89.0,89.18,88.110001,88.370003,81.72421999999999,2542700
2016-11-02,88.629997,88.690002,87.980003,88.150002,81.52076,1916700
2016-11-03,88.120003,88.370003,86.129997,86.25,79.763641,5041900
2016-11-04,82.029999,85.239998,81.0,84.050003,77.729095,7825200
2016-11-07,85.32,86.089996,84.300003,86.029999,79.560188,4101100
2016-11-08,86.230003,88.839996,86.07,88.339996,81.696465,2735400
2016-11-09,86.18,86.970001,84.18,84.940002,78.552155,5097200
2016-11-10,85.029999,85.529999,80.559998,81.41999799999999,75.296867,7643600
2016-11-11,81.0,81.739998,80.160004,81.209999,75.102676,4151100
2016-11-14,81.010002,81.629997,79.91999799999999,80.08000200000001,74.057663,4371700
2016-11-15,80.57,81.720001,80.220001,81.139999,75.037933,5723900
2016-11-16,81.379997,82.75,81.290001,82.400002,76.203186,3199800
2016-11-17,82.309998,82.839996,81.5,82.839996,76.61009200000001,3161600
2016-11-18,82.699997,82.93,82.019997,82.529999,76.323402,2711800
2016-11-21,82.529999,83.82,82.20500200000001,83.639999,77.34992199999999,2508600
2016-11-22,83.860001,84.470001,83.699997,84.089996,77.766083,2648000
2016-11-23,83.800003,84.309998,81.730003,82.440002,76.240173,3459900
2016-11-25,82.629997,83.290001,82.629997,82.949997,76.711807,1230300
2016-11-28,82.949997,83.66999799999999,82.360001,83.220001,76.96151,2642300
2016-11-29,83.400002,84.5,83.129997,84.0,77.682854,3744600
2016-11-30,83.099998,83.510002,81.650002,81.650002,76.052803,3309900
2016-12-01,81.510002,81.779999,79.93,80.489998,74.972336,4043300
2016-12-02,80.739998,81.519997,80.349998,80.910004,75.363541,2779300
2016-12-05,80.910004,81.150002,80.114998,80.279999,74.776726,4415500
2016-12-06,80.610001,80.877998,79.690002,79.959999,74.478668,3566800
2016-12-07,80.440002,83.209999,80.269997,82.949997,77.263687,4870200
2016-12-08,82.589996,82.790001,81.860001,82.309998,76.667564,2497500
2016-12-09,82.550003,83.792999,82.07,83.779999,78.036804,2380900
2016-12-12,83.599998,84.83000200000001,83.290001,84.199997,78.428009,2536300
2016-12-13,84.599998,85.599998,84.029999,84.940002,79.11727900000001,3644100
2016-12-14,84.980003,85.400002,83.720001,84.360001,78.577034,3348600
2016-12-15,85.129997,86.059998,84.129997,85.370003,79.51780699999999,4410100
2016-12-16,85.879997,86.559998,84.860001,86.459999,80.533089,6024700
2016-12-19,86.349998,86.889999,85.720001,86.599998,80.663483,3365400
2016-12-20,86.279999,86.599998,85.33000200000001,85.980003,80.085999,2665500
2016-12-21,85.93,86.989998,85.800003,86.610001,80.672798,2202000
2016-12-22,86.449997,87.290001,86.300003,87.279999,81.296875,1966300
2016-12-23,87.099998,87.620003,86.959999,87.57,81.567001,2484700
2016-12-27,87.660004,88.08000200000001,87.300003,87.58000200000001,81.576324,1993200
2016-12-28,87.5,87.769997,87.029999,87.309998,81.324814,1384800
2016-12-29,87.300003,88.150002,87.300003,87.93,81.902313,1823500
2016-12-30,88.019997,88.160004,87.07,87.32,81.334129,2051400
2017-01-03,87.849998,87.970001,86.400002,87.529999,81.529732,3104600
2017-01-04,87.519997,87.970001,86.900002,87.029999,81.064003,2274900
2017-01-05,86.900002,87.300003,86.08000200000001,86.529999,80.59828900000001,3037400
2017-01-06,86.529999,86.629997,85.83000200000001,86.309998,80.39335600000001,2450200
2017-01-09,86.25,86.474998,85.589996,86.07,80.16980699999999,2482400
2017-01-10,85.849998,86.300003,85.410004,85.910004,80.02079,2539900
2017-01-11,86.120003,87.040001,86.040001,86.760002,80.812515,2754500
2017-01-12,86.83000200000001,87.769997,86.5,87.41999799999999,81.427277,2484700
2017-01-13,87.41999799999999,87.43,86.57800300000001,87.029999,81.064003,1799100
2017-01-17,86.709999,87.974998,86.709999,87.91999799999999,81.89299799999999,2295000
2017-01-18,87.800003,88.589996,87.800003,88.349998,82.29351,2881800
2017-01-19,88.18,88.43,87.550003,87.849998,81.827789,1690600
2017-01-20,88.349998,89.0,88.010002,88.949997,82.852402,2795500
2017-01-23,88.660004,88.949997,88.199997,88.800003,82.712677,2654100
2017-01-24,88.910004,89.190002,88.32,88.690002,82.610214,2171100
2017-01-25,88.93,89.269997,88.410004,88.839996,82.749924,2262100
2017-01-26,89.489998,89.900002,88.714996,89.410004,83.28085300000001,3091900
2017-01-27,88.959999,89.769997,88.779999,89.43,83.299492,1842800
2017-01-30,89.089996,89.5,88.629997,89.08000200000001,82.973473,2233600
2017-01-31,88.900002,89.559998,88.834999,89.290001,83.169083,2650500
2017-02-01,88.889999,89.334999,88.307999,88.410004,82.349411,1816800
2017-02-02,88.510002,89.099998,88.32,88.610001,82.535698,1826700
2017-02-03,89.209999,89.349998,88.639999,89.269997,83.150452,2205100
2017-02-06,89.300003,89.400002,88.639999,88.699997,82.619514,1359800
2017-02-07,88.709999,89.019997,88.5,88.809998,82.722,2599300
2017-02-08,88.809998,89.309998,88.790001,89.190002,83.075935,3300300
2017-02-09,89.269997,90.389999,89.040001,89.779999,83.62548100000001,2708300
2017-02-10,89.599998,90.540001,89.339996,90.199997,84.016708,1882100
2017-02-13,90.309998,90.599998,89.695,90.58000200000001,84.370651,1812500
2017-02-14,90.57,91.063004,90.099998,90.809998,84.584877,2322700
2017-02-15,91.129997,91.300003,90.260002,91.095001,84.850342,3083900
2017-02-16,89.099998,89.839996,86.349998,87.279999,81.296875,10584700
2017-02-17,92.0,97.769997,91.849998,96.650002,90.02454399999999,30007700
2017-02-21,91.82,95.480003,91.349998,94.870003,88.366577,14423200
2017-02-22,94.849998,95.0,92.989998,93.360001,86.960083,4990400
2017-02-23,93.290001,93.620003,92.349998,92.940002,86.568871,2901000
2017-02-24,93.510002,93.800003,92.57,93.08000200000001,86.699287,2670500
2017-02-27,92.599998,92.870003,90.33000200000001,90.610001,84.39859,6084900
2017-02-28,90.68,91.980003,90.349998,91.510002,85.236908,4267700
2017-03-01,91.769997,91.910004,90.650002,91.43,85.724457,2858600
2017-03-02,91.5,91.690002,90.779999,91.279999,85.583809,2552700
2017-03-03,91.25,91.5,90.809998,91.5,85.79008499999999,1653000
2017-03-06,91.019997,91.510002,90.790001,91.160004,85.471298,2044900
2017-03-07,90.809998,91.440002,90.720001,90.800003,85.133774,1491000
2017-03-08,90.66999799999999,91.16999799999999,90.440002,90.900002,85.227531,2034200
2017-03-09,90.769997,91.584999,90.620003,91.529999,85.818214,2108500
2017-03-10,92.08000200000001,92.091003,91.260002,91.510002,85.79946899999999,2277100
2017-03-13,91.370003,91.5,91.019997,91.18,85.490051,2182900
2017-03-14,91.160004,91.349998,90.66999799999999,91.059998,85.37754100000001,2097300
2017-03-15,91.589996,92.139999,91.089996,91.839996,86.108856,2076300
2017-03-16,92.739998,93.269997,92.160004,92.769997,86.98082,4139000
2017-03-17,93.599998,93.66999799999999,91.82,91.980003,86.240135,5655700
2017-03-20,92.029999,92.949997,91.889999,92.360001,86.59642,2063000
2017-03-21,92.309998,92.779999,91.589996,91.900002,86.165115,2322600
2017-03-22,92.25,92.75,92.040001,92.290001,86.530792,1540300
2017-03-23,92.050003,92.779999,91.900002,92.010002,86.268265,1833300
2017-03-24,92.239998,92.400002,91.32,91.68,85.958855,1703800
2017-03-27,91.5,91.589996,91.091003,91.25,85.555687,1699000
2017-03-28,90.779999,91.665001,90.779999,91.410004,85.705704,2222800
2017-03-29,91.199997,91.599998,91.059998,91.489998,85.78070799999999,1462600
2017-03-30,91.43,91.66999799999999,91.040001,91.099998,85.41503900000001,1143100
2017-03-31,90.879997,91.190002,90.57,90.809998,85.143135,2205100
2017-04-03,90.800003,91.279999,90.629997,91.059998,85.37754100000001,3414800
2017-04-04,90.699997,91.25,90.269997,91.220001,85.527557,2194000
2017-04-05,91.099998,92.41999799999999,91.029999,91.41999799999999,85.71508,2694700
2017-04-06,91.489998,91.790001,90.650002,90.949997,85.274406,2096900
2017-04-07,91.16999799999999,91.489998,90.66999799999999,90.699997,85.040009,2000300
2017-04-10,90.650002,91.0,90.160004,90.889999,85.218147,3496900
2017-04-11,90.889999,91.07,90.388,90.83000200000001,85.16190300000001,1396500
2017-04-12,91.029999,92.139999,91.010002,91.93,86.19326,2007400
2017-04-13,92.050003,92.050003,91.480003,91.5,85.79008499999999,1816300
2017-04-17,91.800003,91.959999,91.029999,91.58000200000001,85.865105,1803800
2017-04-18,91.540001,92.629997,91.33000200000001,92.5,86.727684,2135100
2017-04-19,92.43,92.449997,91.690002,91.849998,86.118248,1978300
2017-04-20,92.110001,92.400002,91.550003,92.040001,86.296379,1787900
2017-04-21,92.129997,92.239998,91.559998,91.599998,85.88385,1964500
2017-04-24,92.010002,92.870003,92.010002,92.559998,86.783936,2185400
2017-04-25,92.639999,92.894997,92.279999,92.290001,86.530792,1882400
2017-04-26,92.32,92.33000200000001,90.879997,90.91999799999999,85.246284,2736600
2017-04-27,90.91999799999999,91.41999799999999,90.660004,90.83000200000001,85.16190300000001,2290300
2017-04-28,91.199997,91.230003,89.83000200000001,90.389999,84.749352,2894500
2017-05-01,90.650002,90.75,89.349998,89.470001,83.886765,3363600
2017-05-02,89.639999,89.83000200000001,88.760002,89.0,83.44609100000001,3058600
2017-05-03,90.220001,90.220001,88.900002,89.139999,83.577354,2695300
2017-05-04,88.0,91.800003,87.139999,89.699997,84.102402,6391200
2017-05-05,89.860001,90.099998,89.18,89.629997,84.036781,2267300
2017-05-08,89.58000200000001,89.769997,89.0,89.480003,83.896141,2311600
2017-05-09,89.230003,89.65100100000001,88.870003,89.199997,83.633606,2299200
2017-05-10,89.110001,89.400002,88.940002,89.33000200000001,83.755493,1654400
2017-05-11,88.800003,89.459999,88.800003,89.279999,83.708611,1402500
2017-05-12,89.339996,89.449997,88.66999799999999,88.949997,83.39922299999999,1827300
2017-05-15,88.760002,89.470001,88.559998,89.449997,83.868011,2029600
2017-05-16,89.260002,89.83000200000001,88.849998,89.110001,83.549225,1974600
2017-05-17,88.910004,90.139999,88.510002,89.510002,84.493179,3866600
2017-05-18,89.650002,90.730003,88.910004,90.160004,85.10675,2854700
2017-05-19,89.75,90.550003,89.400002,90.279999,85.220016,2707600
2017-05-22,90.110001,91.33000200000001,90.040001,91.18,86.06958,1830500
2017-05-23,91.209999,92.0,91.010002,91.870003,86.72090899999999,1803500
2017-05-24,92.0,92.660004,91.779999,92.589996,87.400536,1814900
2017-05-25,92.690002,93.010002,92.379997,92.809998,87.608223,1665400
2017-05-26,92.900002,93.089996,92.519997,92.989998,87.778122,1308000
2017-05-30,92.940002,93.0,92.188004,92.459999,87.27784,1952600
2017-05-31,92.629997,92.949997,91.970001,92.199997,87.03241,2283000
2017-06-01,92.349998,92.739998,91.41999799999999,92.730003,87.53270699999999,2466000
2017-06-02,92.940002,93.550003,92.379997,93.540001,88.29731,2506100
2017-06-05,93.58000200000001,93.699997,93.050003,93.440002,88.202919,1707500
2017-06-06,93.449997,93.870003,93.08000200000001,93.209999,87.985802,1758500
2017-06-07,93.449997,93.879997,93.139999,93.769997,88.51442,1987300
2017-06-08,93.459999,93.66999799999999,92.474998,92.57,87.381683,2449500
2017-06-09,92.480003,92.540001,90.459999,90.83000200000001,85.739204,2801800
2017-06-12,90.599998,92.41999799999999,90.429001,91.25,86.13565799999999,2720600
2017-06-13,90.68,91.660004,90.16999799999999,91.589996,86.45659599999999,1909800
2017-06-14,92.150002,92.449997,90.989998,91.459999,86.333878,1697300
2017-06-15,91.160004,91.839996,91.010002,91.650002,86.513245,2312700
2017-06-16,90.870003,91.220001,88.910004,89.410004,84.398781,7470600
2017-06-19,89.959999,90.239998,89.019997,89.849998,84.814125,3331600
2017-06-20,89.660004,89.772003,89.139999,89.279999,84.276062,2659500
2017-06-21,89.309998,89.697998,89.110001,89.400002,84.389351,2186200
2017-06-22,89.470001,89.75,88.894997,89.099998,84.106163,2721000
2017-06-23,89.400002,89.400002,88.57,88.849998,83.87017800000001,4205800
2017-06-26,89.529999,89.730003,88.870003,88.940002,83.95513199999999,1704300
2017-06-27,88.760002,88.949997,87.480003,87.510002,82.605278,2962100
2017-06-28,88.110001,88.489998,87.209999,87.82,82.897911,3032300
2017-06-29,87.690002,87.813004,85.449997,85.760002,80.953362,5189200
2017-06-30,87.199997,87.269997,85.5,85.639999,80.840088,3415000
2017-07-03,85.959999,86.099998,84.389999,84.470001,79.735664,2905500
2017-07-05,84.459999,84.760002,83.644997,83.790001,79.093773,4607700
2017-07-06,83.300003,83.610001,82.620003,82.82,78.17813100000001,3403100
2017-07-07,82.58000200000001,83.900002,82.199997,83.040001,78.385811,3454600
2017-07-10,83.389999,83.730003,82.760002,82.769997,78.130943,2980600
2017-07-11,82.199997,83.989998,82.199997,83.75,79.056007,5022700
2017-07-12,84.33000200000001,85.18,84.290001,84.699997,79.952766,4026400
2017-07-13,84.739998,85.040001,84.334999,84.849998,80.09436,2626500
2017-07-14,85.309998,85.699997,84.83000200000001,85.650002,80.849525,2533600
2017-07-17,85.68,85.75,85.089996,85.599998,80.802322,1831500
2017-07-18,85.690002,85.849998,85.172997,85.599998,80.802322,1586800
2017-07-19,85.629997,85.849998,85.209999,85.690002,80.887283,2184500
2017-07-20,86.099998,86.099998,85.665001,85.900002,81.08551,2770500
2017-07-21,85.660004,86.190002,85.410004,86.160004,81.33094799999999,2840800
2017-07-24,86.120003,86.309998,85.599998,86.220001,81.387573,1881400
2017-07-25,86.239998,87.610001,86.144997,87.41999799999999,82.520317,3016900
2017-07-26,87.5,90.379997,87.410004,87.660004,82.746872,2935300
2017-07-27,87.529999,88.220001,87.309998,88.190002,83.247169,3025800
2017-07-28,87.800003,88.07,87.07,87.639999,82.72798900000001,1902100
2017-07-31,87.790001,87.989998,86.980003,87.459999,82.558075,2593100
2017-08-01,87.379997,87.769997,86.550003,86.66999799999999,81.812347,3281500
2017-08-02,86.290001,87.139999,85.480003,86.870003,82.001152,3770500
2017-08-03,86.900002,87.59899899999999,86.33000200000001,86.510002,81.661324,3966400
2017-08-04,87.58000200000001,87.58000200000001,85.981003,86.660004,81.80291700000001,8002300
2017-08-07,86.540001,87.230003,86.260002,87.019997,82.14273100000001,3195100
2017-08-08,86.639999,86.980003,86.019997,86.160004,81.33094799999999,3125500
2017-08-09,86.0,86.739998,85.510002,86.459999,81.614136,2527100
2017-08-10,85.91999799999999,86.400002,85.58000200000001,85.889999,81.076065,3015600
2017-08-11,85.900002,86.57,85.639999,86.470001,81.623566,2538900
2017-08-14,86.75,87.290001,86.5,87.019997,82.14273100000001,2473400
2017-08-15,87.050003,87.199997,86.501999,86.739998,81.87844100000001,1766700
2017-08-16,86.449997,86.68,86.279999,86.5,82.24449200000001,1920100
2017-08-17,86.269997,86.760002,85.08000200000001,85.110001,80.922882,3023000
2017-08-18,84.91999799999999,85.279999,84.160004,84.489998,80.33337399999999,2833500
2017-08-21,84.730003,84.730003,84.25,84.550003,80.390427,1764700
2017-08-22,84.760002,85.129997,84.650002,85.050003,80.865822,2038600
2017-08-23,84.949997,85.160004,84.480003,84.75,80.580589,1687600
2017-08-24,84.5,84.589996,82.690002,82.800003,78.72653199999999,3438100
2017-08-25,83.279999,83.32,82.449997,82.599998,78.536354,3285600
2017-08-28,82.779999,83.0,81.625,82.139999,78.098984,2644100
2017-08-29,81.779999,82.110001,81.087997,81.440002,77.43343399999999,3491400
2017-08-30,81.5,82.190002,81.230003,81.93,77.899323,3426800
2017-08-31,81.099998,82.099998,80.290001,80.75,76.777367,5374100
2017-09-01,80.75,81.099998,80.099998,80.849998,76.87244399999999,4889900
2017-09-05,80.720001,81.5,80.550003,81.150002,77.157684,3301700
2017-09-06,81.230003,81.400002,80.83000200000001,81.33000200000001,77.328827,2517500
2017-09-07,81.449997,81.720001,80.83000200000001,81.459999,77.452438,3257200
2017-09-08,81.449997,82.019997,80.660004,81.720001,77.69965400000001,3546800
2017-09-11,82.099998,82.559998,81.959999,82.550003,78.488823,2905500
2017-09-12,82.82,82.980003,82.059998,82.18,78.137016,2256000
2017-09-13,82.260002,82.349998,81.66999799999999,81.910004,77.880302,2939200
2017-09-14,81.980003,82.0,81.0,81.279999,77.281296,2987900
2017-09-15,81.33000200000001,81.879997,80.519997,81.43,77.42390400000001,5962900
2017-09-18,81.239998,81.610001,81.040001,81.400002,77.395393,2766200
2017-09-19,81.300003,81.41999799999999,80.599998,80.83000200000001,76.853439,2382900
2017-09-20,80.489998,80.559998,79.129997,79.870003,75.94066600000001,6182400
2017-09-21,79.989998,80.459999,78.940002,79.010002,75.122978,2962700
2017-09-22,79.010002,79.239998,77.400002,77.519997,73.70626800000001,4792600
2017-09-25,77.599998,78.449997,77.470001,78.41999799999999,74.561996,4332600
2017-09-26,78.599998,78.910004,78.029999,78.589996,74.72363299999999,3160300
2017-09-27,78.639999,78.800003,77.800003,78.230003,74.381355,3278800
2017-09-28,78.279999,78.75,77.730003,77.970001,74.13414,2804500
2017-09-29,78.029999,78.268997,77.440002,77.550003,73.73481,3781800
2017-10-02,77.550003,78.269997,76.889999,77.849998,74.020042,3635900
2017-10-03,77.949997,78.139999,77.290001,77.82,73.991524,2372900
2017-10-04,77.230003,78.150002,76.760002,77.769997,73.94397,3681100
2017-10-05,77.949997,78.485001,77.699997,78.25,74.40035999999999,2845300
2017-10-06,78.839996,78.940002,77.985001,78.18,74.333809,2355900
2017-10-09,78.290001,78.620003,77.195,77.33000200000001,73.525627,2673700
2017-10-10,77.75,78.25,77.660004,78.139999,74.29576899999999,2984700
2017-10-11,78.059998,78.660004,77.91999799999999,78.190002,74.343323,2327700
2017-10-12,78.349998,78.648003,78.040001,78.150002,74.305283,2485400
2017-10-13,78.550003,78.599998,77.660004,77.739998,73.91544300000001,3707800
2017-10-16,77.790001,78.095001,77.480003,77.650002,73.829887,3432300
2017-10-17,77.730003,78.010002,77.339996,77.540001,73.725296,4373400
2017-10-18,77.410004,77.461998,76.66999799999999,77.099998,73.306946,3279400
2017-10-19,77.0,77.087997,76.309998,76.470001,72.707932,3965000
2017-10-20,76.769997,77.099998,76.120003,76.709999,72.93611899999999,4761200
2017-10-23,76.879997,77.099998,76.449997,77.059998,73.268898,4240900
2017-10-24,77.120003,77.41999799999999,76.93,77.220001,73.421036,3061500
2017-10-25,76.730003,77.41999799999999,76.230003,77.33000200000001,73.525627,3927100
2017-10-26,77.589996,77.940002,77.150002,77.300003,73.497093,2849600
2017-10-27,76.82,77.470001,76.235001,77.300003,73.497093,3751800
2017-10-30,77.199997,77.220001,75.209999,75.269997,71.566971,5216300
2017-10-31,76.18,77.400002,76.019997,77.33000200000001,73.525627,4836100
2017-11-01,77.709999,77.860001,77.08000200000001,77.699997,73.877411,4052600
2017-11-02,76.839996,78.190002,75.510002,78.029999,74.191185,6533400
2017-11-03,77.870003,78.190002,77.57,78.0,74.162666,4077600
2017-11-06,78.089996,78.220001,76.510002,77.0,73.211861,4682000
2017-11-07,76.93,78.639999,76.489998,78.18,74.333809,3421700
2017-11-08,78.639999,80.089996,78.220001,79.58000200000001,75.664932,4058700
2017-11-09,79.260002,79.940002,79.019997,79.410004,75.50329599999999,3431600
2017-11-10,78.970001,79.879997,78.970001,79.720001,75.79804200000001,3403000
2017-11-13,79.660004,80.370003,79.599998,79.849998,75.921638,3237500
2017-11-14,79.540001,79.879997,79.029999,79.379997,75.474762,2839200
2017-11-15,79.489998,79.889999,78.57,78.779999,74.904297,3277400
2017-11-16,78.720001,80.160004,78.510002,79.68,76.36586,3028900
2017-11-17,79.629997,80.07,79.275002,79.629997,76.31794000000001,4263200
2017-11-20,79.699997,80.959999,79.629997,79.93,76.605453,3736700
2017-11-21,80.120003,80.290001,79.760002,80.010002,76.682137,2455600
2017-11-22,80.040001,80.199997,79.589996,79.82,76.500038,2923900
2017-11-24,80.25,80.349998,79.540001,79.760002,76.442528,1144800
2017-11-27,79.760002,80.040001,79.449997,79.610001,76.298767,4605000
2017-11-28,79.699997,79.860001,78.714996,78.980003,75.69497700000001,3165500
2017-11-29,78.949997,81.559998,78.83000200000001,81.089996,77.717209,4067400
2017-11-30,81.440002,82.18,80.5,81.370003,77.985573,4409700
2017-12-01,80.949997,81.599998,80.290001,81.209999,77.832222,3360800
2017-12-04,81.32,82.290001,81.165001,81.91999799999999,78.512695,2908100
2017-12-05,82.050003,82.480003,80.510002,80.639999,77.285927,3248000
2017-12-06,80.75,81.139999,80.239998,80.489998,77.142166,2582100
2017-12-07,80.16999799999999,80.5,79.309998,79.360001,76.059166,2532300
2017-12-08,79.599998,79.706001,77.934998,78.480003,75.215775,5332600
2017-12-11,78.18,78.389999,77.190002,78.370003,75.110359,3988400
2017-12-12,78.33000200000001,79.089996,78.120003,78.949997,75.666214,3140800
2017-12-13,79.25,79.599998,78.769997,79.279999,75.98249100000001,3028300
2017-12-14,79.279999,79.699997,78.870003,78.980003,75.69497700000001,3321300
2017-12-15,79.800003,79.83000200000001,79.010002,79.540001,76.23168199999999,6684900
2017-12-18,79.980003,80.360001,79.290001,79.370003,76.06875600000001,2721100
2017-12-19,79.519997,79.82,78.389999,78.519997,75.25410500000001,2889900
2017-12-20,78.809998,78.889999,77.32,77.379997,74.16152199999999,3802400
2017-12-21,77.839996,78.16999799999999,77.07,77.879997,74.640724,4562400
2017-12-22,78.139999,78.599998,77.879997,78.239998,74.985748,3091400
2017-12-26,78.120003,78.470001,78.0,78.110001,74.86116,2532000
2017-12-27,78.239998,78.599998,77.949997,77.980003,74.73658,1757300
2017-12-28,78.220001,78.290001,77.720001,77.91999799999999,74.679062,1883800
2017-12-29,77.699997,78.68,77.690002,77.760002,74.525726,2443700
2018-01-02,78.220001,78.309998,76.879997,77.019997,73.81649,4009000
2018-01-03,77.33000200000001,77.589996,76.900002,77.010002,73.806915,3369300
2018-01-04,77.230003,78.220001,77.059998,77.910004,74.669487,3608500
2018-01-05,78.040001,78.33000200000001,77.230003,77.839996,74.60239399999999,4152500
2018-01-08,77.82,78.58000200000001,77.82,78.480003,75.215775,3126900
2018-01-09,78.540001,78.720001,78.050003,78.620003,75.349953,3436500
2018-01-10,78.650002,78.650002,77.400002,77.889999,74.650307,3823700
2018-01-11,78.019997,78.199997,77.019997,77.129997,73.921921,3493700
2018-01-12,77.349998,77.57,76.599998,77.349998,74.132774,4223500
2018-01-16,77.970001,78.91999799999999,77.559998,78.639999,75.369118,5327800
2018-01-17,79.110001,80.66999799999999,78.790001,80.07,76.739639,6506100
2018-01-18,80.160004,80.599998,79.019997,79.269997,75.97290799999999,3447200
2018-01-19,79.529999,79.959999,79.099998,79.660004,76.346695,3749400
2018-01-22,79.82,80.449997,79.760002,80.16999799999999,76.83548,3988300
2018-01-23,79.760002,80.529999,79.559998,80.269997,76.93132,2833000
2018-01-24,80.5,80.589996,79.709999,79.860001,76.538368,3119600
2018-01-25,80.0,80.445,79.38200400000001,79.66999799999999,76.356277,2927300
2018-01-26,79.900002,80.0,78.400002,79.389999,76.087914,4772400
2018-01-29,79.16999799999999,79.879997,78.389999,78.41999799999999,75.158272,3280500
2018-01-30,78.639999,79.660004,78.43,78.5,75.234932,3334300
2018-01-31,78.620003,78.879997,77.849998,78.389999,75.129517,4855700
2018-02-01,78.120003,78.949997,77.599998,78.57,75.302025,3119800
2018-02-02,78.120003,78.339996,76.650002,77.190002,73.979439,5239700
2018-02-05,77.290001,77.939003,74.175003,74.260002,71.171288,5372900
2018-02-06,73.839996,74.32,72.050003,74.309998,71.219208,7556400
2018-02-07,73.839996,74.709999,73.519997,73.550003,70.490829,6753700
2018-02-08,73.599998,74.040001,71.25,71.58000200000001,68.60276,8210800
2018-02-09,72.0,72.660004,70.245003,71.379997,68.411087,6871000
2018-02-12,71.519997,72.629997,71.449997,71.809998,68.823196,4372900
2018-02-13,71.519997,71.989998,70.68,71.709999,68.727364,4043600
2018-02-14,71.339996,72.040001,70.699997,71.91999799999999,68.928627,5503100
2018-02-15,72.190002,72.779999,70.650002,72.709999,69.68576800000001,7410900
2018-02-16,69.940002,71.25,67.650002,70.800003,67.855209,15009000
2018-02-20,70.779999,70.800003,68.019997,68.690002,65.832962,8715200
2018-02-21,68.91999799999999,68.93,67.440002,67.470001,64.663719,6647900
2018-02-22,67.379997,68.249001,67.050003,67.639999,64.826637,5972000
2018-02-23,67.959999,69.110001,67.349998,69.019997,66.149239,5740900
2018-02-26,69.599998,70.0,68.559998,69.739998,66.839294,7520500
2018-02-27,69.610001,70.014999,67.860001,67.870003,65.047073,5412100
2018-02-28,68.269997,68.589996,67.029999,67.050003,64.261185,6193000
2018-03-01,67.139999,67.988998,66.360001,66.889999,64.107834,5209600
2018-03-02,67.019997,67.610001,66.519997,67.16999799999999,64.37619000000001,4820800
2018-03-05,66.720001,67.730003,66.720001,67.43,64.625366,3910800
2018-03-06,67.699997,67.870003,67.230003,67.769997,64.95124100000001,3539400
2018-03-07,67.349998,67.589996,66.730003,67.459999,64.654129,3316500
2018-03-08,67.16999799999999,67.360001,66.464996,66.989998,64.80407,3508400
2018-03-09,67.199997,67.599998,66.529999,67.230003,65.036247,4911000
2018-03-12,67.260002,67.889999,67.099998,67.699997,65.490898,2653200
2018-03-13,67.839996,67.949997,67.160004,67.370003,65.171677,3360700
2018-03-14,67.610001,67.910004,66.220001,66.58000200000001,64.407455,3900900
2018-03-15,66.400002,66.66999799999999,65.114998,65.459999,63.32399399999999,4870800
2018-03-16,65.449997,65.839996,64.940002,65.360001,63.227253000000005,7204500
2018-03-19,65.18,65.360001,63.580002,63.950001,61.86326999999999,6947200
2018-03-20,64.029999,64.209999,62.82,63.18,61.118393000000005,7502500
2018-03-21,62.529999,62.759997999999996,61.75,61.990002000000004,59.967224,7088700
2018-03-22,61.73,61.959998999999996,60.490002000000004,60.529999,58.554863,8156600
2018-03-23,60.73,61.657001,59.950001,60.029999,58.07118199999999,6316300
2018-03-26,60.880001,61.73,60.529999,61.650002,59.638321,5310600
2018-03-27,61.740002000000004,61.98,60.389998999999996,60.700001,58.71931800000001,5276500
2018-03-28,60.84,61.959998999999996,60.750999,61.369999,59.36745500000001,4778200
2018-03-29,61.790001000000004,62.619999,61.685001,62.290001000000004,60.257435,5001900
2018-04-02,61.939999,62.0,59.790001000000004,60.060001,58.100204000000005,5294200
2018-04-03,60.619999,60.66,59.48,60.240002000000004,58.274326,6325300
2018-04-04,59.790001000000004,61.823002,59.726002,61.380001,59.377131999999996,4764400
2018-04-05,61.700001,61.900002,60.950001,61.310001,59.309414000000004,4272700
2018-04-06,61.09,61.98,60.16,60.540001000000004,58.564537,3932000
2018-04-09,60.889998999999996,61.400002,60.34,60.650002,58.670952,4669300
2018-04-10,61.650002,61.82,60.619999,61.25,59.251369,4667400
2018-04-11,60.849998,61.830002,60.779999,61.540001000000004,59.531909999999996,3852600
2018-04-12,61.529999,61.705002,60.779999,60.939999,58.951488,5145800
2018-04-13,61.07,61.130001,60.490002000000004,60.919998,58.932137,3746000
2018-04-16,60.02,61.310001,59.919998,61.189999,59.193329000000006,5446000
2018-04-17,61.689999,61.810001,61.09,61.689999,59.677013,4444100
2018-04-18,61.66,61.799999,60.349998,60.790001000000004,58.80638100000001,5525800
2018-04-19,60.75,60.889998999999996,59.630001,59.73,57.780972,7461800
2018-04-20,59.849998,60.158001,57.549999,58.220001,56.320240000000005,9765800
2018-04-23,58.0,58.189999,57.41,57.68,55.797858999999995,7905100
2018-04-24,57.950001,58.0,56.110001000000004,56.529999,54.685387,8266800
2018-04-25,56.52,57.400002,56.290001000000004,56.849998,54.994942,6760200
2018-04-26,57.029999,57.466,56.509997999999996,57.330002,55.459286,5147400
2018-04-27,57.43,58.259997999999996,57.360001000000004,57.66,55.778518999999996,4096100
2018-04-30,57.900002,58.16,56.360001000000004,56.380001,54.540287,6761600
2018-05-01,56.32,56.439999,55.299999,55.700001,53.882473,6350200
2018-05-02,55.880001,55.950001,54.110001000000004,54.200001,52.431416000000006,9045100
2018-05-03,56.27,56.400002,54.939999,54.950001,53.156943999999996,10380800
2018-05-04,55.0,58.450001,54.689999,58.009997999999996,56.117096,9221300
2018-05-07,58.5,59.244999,58.189999,58.830002,56.910343000000005,7337400
2018-05-08,58.689999,59.130001,57.619999,58.759997999999996,56.842620999999994,7163200
2018-05-09,58.939999,59.32,58.09,58.48,56.571762,5002300
2018-05-10,58.75,59.349998,58.549999,59.040001000000004,57.113482999999995,3934200
2018-05-11,58.970001,59.860001000000004,58.970001,59.240002000000004,57.306961,3980300
2018-05-14,59.369999,59.599998,58.919998,59.279999,57.345654,4228700
2018-05-15,59.16,59.490002000000004,58.619999,59.040001000000004,57.113482999999995,5662600
2018-05-16,59.060001,59.32,58.529999,59.290001000000004,57.355328,4334000
2018-05-17,58.720001,58.84,57.720001,58.060001,56.763831999999994,4694100
2018-05-18,57.610001000000004,57.66,55.715,56.790001000000004,55.522186,9529000
2018-05-21,57.0,57.349998,56.202,56.450001,55.189774,4588300
2018-05-22,56.580002,57.256001,56.209998999999996,56.580002,55.316875,4179500
2018-05-23,56.299999,57.080002,56.299999,56.98,55.70794300000001,3109100
2018-05-24,57.0,57.16,56.380001,57.060001,55.786159999999995,2750600
2018-05-25,57.119999,58.119999,57.099998,57.77,56.480309,3296000
2018-05-29,57.57,57.860001000000004,56.939999,57.400002,56.118568,4231400
2018-05-30,57.650002,59.060001,57.439999,58.84,57.526417,5587300
2018-05-31,58.790001000000004,58.939999,57.150002,57.48,56.196777000000004,6787400
2018-06-01,57.639998999999996,58.18,57.279999,57.650002,56.362988,4745600
2018-06-04,57.849998,58.66,57.75,58.419998,57.115795,3626300
2018-06-05,58.779999,58.792,57.667,57.919998,56.626957,4920300
2018-06-06,58.09,58.09,57.009997999999996,57.919998,56.626957,4826800
2018-06-07,57.509997999999996,58.16,57.07,57.669998,56.382538000000004,4501800
2018-06-08,57.790001000000004,58.59,57.669998,58.470001,57.164680000000004,4266700
2018-06-11,58.599998,60.139998999999996,58.580002,59.880001,58.543201,5252000
2018-06-12,60.23,60.650002,59.290001000000004,60.119999,58.777840000000005,4309300
2018-06-13,60.360001000000004,60.68,59.650002,60.099998,58.758289000000005,3477900
2018-06-14,60.389998999999996,61.009997999999996,59.939999,60.669998,59.315563,3572700
2018-06-15,60.810001,61.639998999999996,60.389998999999996,61.610001000000004,60.234581000000006,7616400
2018-06-18,61.43,62.650002,60.470001,60.869999,59.511101000000004,4491300
2018-06-19,60.59,62.27,60.5,62.139998999999996,60.752747,5974300
2018-06-20,62.27,63.34,62.0,63.040001000000004,61.632656000000004,6027600
2018-06-21,63.049999,63.200001,62.25,62.57,61.173149,4956000
2018-06-22,62.810001,63.450001,62.66,63.209998999999996,61.798859,4247200
2018-06-25,62.849998,64.540001,62.82,63.32,61.906403000000005,4976500
2018-06-26,63.580002,63.610001000000004,62.349998,63.209998999999996,61.798859,4190400
2018-06-27,62.990002000000004,63.814999,62.509997999999996,62.689999,61.290466,3250100
2018-06-28,62.84,63.32,62.505001,62.650002,61.251366000000004,3688000
2018-06-29,62.91,63.23,62.130001,62.82,61.417568,3812500
2018-07-02,62.5,62.59,61.52,62.09,60.703865,3666600
2018-07-03,62.330002,63.130001,62.330002,62.639998999999996,61.241585,1674000
2018-07-05,63.279999,64.0,62.639998999999996,63.950001,62.522343000000006,2834300
2018-07-06,64.0,64.620003,63.669998,64.43,62.991627,3330000
2018-07-09,64.650002,64.75,63.619999,63.970001,62.541893,3079900
2018-07-10,64.339996,64.339996,63.330002,64.0,62.571224,3112900
2018-07-11,63.91,64.279999,63.509997999999996,63.740002000000004,62.317028,2520900
2018-07-12,63.93,64.050003,63.290001000000004,63.639998999999996,62.21925699999999,2659900
2018-07-13,63.639998999999996,64.589996,63.5,63.849998,62.424572,3997900
2018-07-16,63.889998999999996,63.990002000000004,62.59,62.639998999999996,61.241585,4164900
2018-07-17,62.639998999999996,63.380001,62.549999,63.049999,61.642433,5032300
2018-07-18,63.049999,63.18,61.540001000000004,61.59,60.215027,5196400
2018-07-19,61.310001,62.009997999999996,60.880001,61.34,59.970608,6839500
2018-07-20,61.27,61.380001,60.549999,60.689999,59.335117000000004,5809500
2018-07-23,60.400002,60.889998999999996,60.139998999999996,60.299999,58.953823,4857500
2018-07-24,60.299999,60.470001,59.150002,59.669998,58.337887,6374000
2018-07-25,59.709998999999996,60.16,58.939999,59.84,58.504093000000005,3713900
2018-07-26,60.720001,61.700001,60.23,60.48,59.12980699999999,4082200
2018-07-27,60.599998,61.049,59.887001,60.259997999999996,58.91471899999999,3771100
2018-07-30,60.099998,60.619999,59.82,60.279999,58.93426899999999,3743100
2018-07-31,60.610001000000004,61.169998,60.009997999999996,60.25,58.904942000000005,6484800
2018-08-01,60.0,60.099998,59.25,59.279999,57.956596,4013200
2018-08-02,59.099998,59.650002,58.243,59.400002,58.073917,6445100
2018-08-03,61.0,64.989998,60.380001,64.480003,63.040512,16199700
2018-08-06,63.849998,64.120003,62.150002,62.299999,60.909176,7453200
2018-08-07,62.5,62.540001000000004,61.075001,61.32,59.951054000000006,6542400
2018-08-08,60.080002,60.849998,59.5,60.279999,58.93426899999999,11053800
2018-08-09,60.419998,60.619999,59.68,60.0,58.660522,6568700
2018-08-10,59.759997999999996,60.0,59.099998,59.650002,58.318335999999995,5118000
2018-08-13,59.48,59.709998999999996,58.830002,59.279999,57.956596,5790400
2018-08-14,59.5,60.060001,59.43,59.52,58.191238,4439900
2018-08-15,59.560001,59.580002,58.98,59.09,57.770835999999996,5299600
2018-08-16,58.970001,60.150002,58.830002,60.029999,59.317257,6261800
2018-08-17,60.299999,61.310001,59.77,61.02,60.295502,6417000
2018-08-20,61.029999,61.681999,60.610001000000004,60.639998999999996,59.920013,4647000
2018-08-21,60.75,60.75,59.59,59.84,59.129513,4849800
2018-08-22,59.98,60.099998,59.34,59.549999,58.842953,3224800
2018-08-23,59.259997999999996,59.490002000000004,58.75,58.799999,58.101859999999995,5179800
2018-08-24,58.919998,59.419998,58.759997999999996,59.029999,58.329128000000004,4513200
2018-08-27,59.349998,59.869999,59.18,59.57,58.862717,3496800
2018-08-28,59.509997999999996,59.869999,58.790001000000004,58.790001000000004,58.09198000000001,4293500
2018-08-29,58.900002,59.369999,58.560001,59.299999,58.595924,5188900
2018-08-30,59.130001,59.57,58.165001000000004,58.220001,57.528748,5063800
2018-08-31,58.355,58.57,57.630001,58.27,57.578152,5520300
2018-09-04,58.450001,58.619999,56.549999,56.66,55.987269999999995,6918700
2018-09-05,56.650002,57.714001,56.290001000000004,57.0,56.32323100000001,7064200
2018-09-06,57.040001000000004,57.25,56.060001,56.799999,56.125606999999995,8822100
2018-09-07,56.689999,56.720001,56.169998,56.59,55.918098,6815900
2018-09-10,56.900002,57.48,56.810001,57.240002000000004,56.560382999999995,8285300
2018-09-11,57.349998,57.865002000000004,56.689999,57.759997999999996,57.074206999999994,7617300
2018-09-12,58.23,59.529999,57.799999,59.119999,58.41806,6699000
2018-09-13,59.25,59.91,58.900002,59.490002000000004,58.783668999999996,5891500
2018-09-14,59.299999,59.359001,58.599998,58.970001,58.26984399999999,3953700
2018-09-17,58.02,58.490002000000004,57.700001,58.349998,57.6572,7494000
2018-09-18,57.849998,58.049999,56.380001,57.099998,56.422043,7285100
2018-09-19,57.32,57.450001,56.82,56.889998999999996,56.214539,5079400
2018-09-20,57.279999,57.944,57.220001,57.57,56.886463,5364600
2018-09-21,57.93,57.939999,57.049999,57.119999,56.441807,11543500
2018-09-24,57.0,57.299999,56.235001000000004,56.52,55.84893,4729000
2018-09-25,56.650002,56.842999,55.599998,55.66,54.999142000000006,3813200
2018-09-26,55.91,55.919998,55.07,55.169998,54.514956999999995,5436500
2018-09-27,55.110001000000004,55.775002,54.32,55.040001000000004,54.38650500000001,7881900
2018-09-28,54.98,55.439999,54.400002,55.110001000000004,54.455673,6505300
2018-10-01,55.490002000000004,55.935001,55.224998,55.540001000000004,54.880566,6208700
2018-10-02,55.57,56.290001000000004,55.459998999999996,55.93,55.265938,3930000
2018-10-03,56.07,56.5,55.380001,55.599998,54.939854000000004,5395100
2018-10-04,55.450001,55.880001,55.139998999999996,55.52,54.860806000000004,4349500
2018-10-05,55.700001,56.040001000000004,55.23,55.889998999999996,55.226409999999994,4163400
2018-10-08,55.849998,57.310001,55.849998,57.060001,56.382523,6060700
2018-10-09,57.299999,57.48,55.59,56.07,55.404274,8535700
2018-10-10,55.810001,57.029999,55.73,55.740002000000004,55.078193999999996,7799600
2018-10-11,55.970001,56.23,53.57,53.82,53.180988,9593800
2018-10-12,53.939999,54.43,53.029999,54.240002000000004,53.596004,9452500
2018-10-15,54.049999,54.959998999999996,54.049999,54.470001,53.823273,4829800
2018-10-16,54.709998999999996,55.66,54.490002000000004,55.439999,54.78175400000001,4813700
2018-10-17,55.41,57.02,55.299999,56.400002,55.730357999999995,7094000
2018-10-18,56.41,56.919998,55.43,55.540001000000004,54.880566,6075400
2018-10-19,56.150002,57.755001,56.099998,57.560001,56.876583,8880700
2018-10-22,57.66,58.080002,56.09,56.209998999999996,55.542609999999996,7390000
2018-10-23,56.200001,56.861,55.529999,56.599998,55.927979,6429000
2018-10-24,56.419998,57.380001,55.705002,55.779999,55.117714,5833800
2018-10-25,55.759997999999996,56.540001000000004,55.34,55.98,55.315342,5712800
2018-10-26,55.509997999999996,55.580002,54.299999,54.650002,54.001137,6480000
2018-10-29,55.169998,56.110001000000004,54.720001,55.52,54.860806000000004,6301400
2018-10-30,55.619999,56.43,55.330002,55.849998,55.186886,6015500
2018-10-31,55.5,55.544998,53.77,54.970001,54.317337,8888100
2018-11-01,55.130001,56.5,54.610001000000004,56.200001,55.53273000000001,7427700
2018-11-02,52.25,52.52,50.410999,50.73,50.127674,22310600
2018-11-05,51.07,53.0,51.040001000000004,52.389998999999996,51.767967,10481500
2018-11-06,52.77,53.720001,52.43,53.459998999999996,52.82526,6724000
2018-11-07,53.849998,54.029999,52.900002,53.549999,52.91419200000001,5379400
2018-11-08,53.25,53.599998,52.939999,53.310001,52.677043999999995,5031800
2018-11-09,53.360001000000004,54.145,53.07,53.990002000000004,53.348971999999996,5712700
2018-11-12,54.029999,54.869999,53.509997999999996,53.669998,53.032768000000004,5540900
2018-11-13,53.75,54.27,52.98,53.380001,52.746212,5511400
2018-11-14,53.43,53.560001,52.169998,52.639998999999996,52.014998999999996,5601600
2018-11-15,52.0,52.27,51.450001,51.990002000000004,51.990002000000004,6902900
2018-11-16,52.009997999999996,52.900002,51.77,52.080002,52.080002,11005000
2018-11-19,51.970001,52.740002000000004,51.73,51.889998999999996,51.889998999999996,6378100
2018-11-20,52.049999,52.365002000000004,50.709998999999996,50.939999,50.939999,5967000
2018-11-21,51.029999,51.48,50.720001,51.16,51.16,4154900
2018-11-23,51.029999,51.5,50.830002,51.040001000000004,51.040001000000004,2018700
2018-11-26,51.560001,51.720001,50.950001,51.07,51.07,4527200
2018-11-27,50.93,51.855,50.584998999999996,51.799999,51.799999,5269200
2018-11-28,51.32,51.41,50.619999,51.18,51.18,6212700
2018-11-29,50.959998999999996,51.654999,50.830002,51.189999,51.189999,4840300
2018-11-30,51.110001000000004,51.290001000000004,50.779999,51.119999,51.119999,6402800
2018-12-03,51.400002,51.66,50.880001,51.419998,51.419998,5849600
2018-12-04,51.400002,51.689999,49.860001000000004,49.98,49.98,6460000
2018-12-06,50.0,50.23,48.52,49.52,49.52,8413300
2018-12-07,49.400002,49.945,48.514998999999996,48.709998999999996,48.709998999999996,5152600
2018-12-10,48.860001000000004,49.0,47.189999,48.27,48.27,7708700
2018-12-11,48.709998999999996,49.310001,48.130001,48.380001,48.380001,6550200
2018-12-12,48.950001,49.169998,48.23,48.259997999999996,48.259997999999996,7351700
2018-12-13,48.369999,48.632,48.0,48.470001,48.470001,4683500
2018-12-14,48.360001000000004,48.450001,47.374001,47.459998999999996,47.459998999999996,5653400
2018-12-17,47.5,47.985001000000004,46.369999,46.82,46.82,7994300
2018-12-18,46.98,47.240002000000004,45.880001,46.150002,46.150002,7852600
2018-12-19,46.5,46.880001,44.869999,45.09,45.09,11399300
2018-12-20,45.080002,45.48,44.419998,44.849998,44.849998,11469400
2018-12-21,45.049999,45.900002,43.945999,44.049999,44.049999,13230600
2018-12-24,44.060001,44.220001,42.439999,42.540001000000004,42.540001000000004,5241100
2018-12-26,42.66,43.290001000000004,41.599998,43.290001000000004,43.290001000000004,9547100
2018-12-27,43.220001,43.790001000000004,42.279999,43.759997999999996,43.759997999999996,9022000
2018-12-28,43.889998999999996,44.549999,43.389998999999996,43.57,43.57,8321800
