Date,Open,High,Low,Close,Adj Close,Volume
2016-11-10,32.040001000000004,32.349998,29.82,30.33,29.465338,35019076
2016-11-11,29.799999,30.09,28.85,29.889999,29.037879999999998,6020148
2016-11-14,29.34,30.43,28.75,30.190001000000002,29.329328999999998,4481901
2016-11-15,29.639999,30.700001,29.620001000000002,30.43,29.562487,3667200
2016-11-16,30.77,32.040001000000004,30.610001,31.700001,30.796286,4341400
2016-11-17,31.4,33.064999,30.635,32.509997999999996,31.583184999999997,5252000
2016-11-18,32.139998999999996,33.099998,31.790001,32.68,31.748343,4253200
2016-11-21,32.259997999999996,32.5,31.290001,31.74,30.835138,5036700
2016-11-22,31.52,33.150002,30.43,32.700001,31.767771000000003,5601700
2016-11-23,32.700001,33.470001,32.5,33.02,32.078651,3619500
2016-11-25,32.759997999999996,32.779999,32.27,32.59,31.660908000000003,827800
2016-11-28,32.27,33.5,32.169998,32.740002000000004,31.806634999999996,1928500
2016-11-29,33.049999,33.360001000000004,32.720001,33.189999,32.243801,2139500
2016-11-30,33.259997999999996,34.299999,33.0,33.48,32.525539,2764900
2016-12-01,33.040001000000004,33.259997999999996,32.185001,32.509997999999996,31.583184999999997,2914900
2016-12-02,32.16,33.209998999999996,32.009997999999996,32.990002000000004,32.049503,1213100
2016-12-05,32.869999,33.759997999999996,32.75,33.650002,32.690697,2004700
2016-12-06,33.450001,33.860001000000004,33.209998999999996,33.82,32.855843,1622900
2016-12-07,34.07,34.98,34.0,34.75,33.759327,3809400
2016-12-08,34.91,36.0,34.610001000000004,35.93,34.905693,2603000
2016-12-09,35.82,36.509997999999996,35.599998,36.380001,35.342865,1993100
2016-12-12,36.380001,37.215,36.310001,36.73,35.682884,1258300
2016-12-13,36.970001,37.09,35.669998,36.580002,35.537167,1814000
2016-12-14,36.619999,37.0,34.970001,35.150002,34.14793,3886300
2016-12-15,35.060001,35.264,34.150002,34.380001,33.399883,1555100
2016-12-16,34.34,35.470001,34.279999,35.259997999999996,34.254787,3570800
2016-12-19,35.310001,35.84,34.27,34.48,33.497025,1983200
2016-12-20,34.220001,35.110001000000004,34.200001,34.950001,33.953629,944900
2016-12-21,34.639998999999996,35.220001,34.459998999999996,35.02,34.021633,703600
2016-12-22,35.0,36.619999,34.799999,36.330002,35.294296,1438500
2016-12-23,36.41,37.07,35.970001,36.849998,35.799465000000005,888300
2016-12-27,36.650002,37.490002000000004,36.610001000000004,37.34,36.275496999999994,822200
2016-12-28,37.25,37.66,37.009997999999996,37.23,36.168633,533800
2016-12-29,37.369999,37.959998999999996,37.143002,37.77,36.69323,658500
2016-12-30,37.740002000000004,38.52,37.674999,37.849998,36.77095,773000
2017-01-03,37.709998999999996,38.599998,37.360001000000004,37.490002000000004,36.421219,2007000
2017-01-04,37.669998,38.41,36.424999,36.98,35.925751,1712300
2017-01-05,36.98,37.709998999999996,36.48,36.619999,35.576015000000005,1099600
2017-01-06,36.419998,36.959998999999996,36.060001,36.830002,35.780029,1368000
2017-01-09,36.810001,37.09,36.099998,36.889998999999996,35.838318,1333800
2017-01-10,38.790001000000004,38.959998999999996,36.189999,36.84,35.789749,3712600
2017-01-11,36.700001,37.200001,36.02,36.889998999999996,35.838318,2185900
2017-01-12,36.689999,37.009997999999996,36.119999,36.959998999999996,35.90633,1235200
2017-01-13,36.889998999999996,37.299999,36.549999,37.220001,36.158916,1010200
2017-01-17,37.139998999999996,37.220001,36.75,36.889998999999996,35.838318,1907200
2017-01-18,36.75,36.880001,36.41,36.639998999999996,35.595444,1214200
2017-01-19,36.790001000000004,37.0,36.330002,36.959998999999996,35.90633,890400
2017-01-20,36.950001,37.560001,36.77,37.110001000000004,36.052048,1337000
2017-01-23,36.98,37.419998,36.466,36.77,35.721745,2035300
2017-01-24,36.66,37.669998,36.59,37.490002000000004,36.421219,1199600
2017-01-25,37.450001,37.799999,36.439999,36.669998,35.624592,1183300
2017-01-26,36.389998999999996,36.869999,36.25,36.330002,35.475677000000005,1015300
2017-01-27,36.400002,36.540001000000004,35.810001,36.439999,35.583096000000005,1088400
2017-01-30,36.200001,36.93,36.200001,36.779999,35.915096000000005,912300
2017-01-31,36.68,37.549999,36.68,37.360001000000004,36.481457,1625200
2017-02-01,37.580002,37.970001,37.16,37.77,36.881817,2212200
2017-02-02,37.700001,38.810001,37.610001000000004,38.419998,37.516533,2496300
2017-02-03,38.490002000000004,39.470001,38.459998999999996,38.900002,37.985248999999996,1495200
2017-02-06,39.130001,39.349998,38.721001,39.240002000000004,38.317249,1097600
2017-02-07,39.25,39.799999,38.98,39.41,38.483253000000005,1362100
2017-02-08,39.279999,39.689999,38.580002,39.16,38.239128,1575200
2017-02-09,39.16,39.52,38.689999,39.080002,38.161015,1138900
2017-02-10,39.0,39.57,38.599998,39.27,38.346546000000004,868900
2017-02-13,39.240002000000004,39.709998999999996,38.830002,39.43,38.502781,1128300
2017-02-14,39.330002,39.740002000000004,39.25,39.650002,38.717609,1098400
2017-02-15,39.5,39.75,39.200001,39.630001,38.698078,1387700
2017-02-16,39.57,40.16,39.560001,39.900002,38.961731,1034800
2017-02-17,39.77,39.950001,39.299999,39.619999,38.688313,1488000
2017-02-21,39.560001,40.130001,39.299999,39.619999,38.688313,1295400
2017-02-22,39.41,40.0,39.41,39.849998,38.912903,800800
2017-02-23,39.950001,39.950001,39.27,39.5,38.571133,564200
2017-02-24,39.5,39.66,39.321999,39.580002,38.649258,374900
2017-02-27,39.700001,39.700001,39.080002,39.48,38.551605,603400
2017-02-28,39.439999,39.790001000000004,39.189999,39.189999,38.268425,653800
2017-03-01,39.099998,40.040001000000004,39.07,39.950001,39.010559,734400
2017-03-02,39.700001,40.389998999999996,39.556999,40.220001,39.274208,818900
2017-03-03,40.080002,40.466999,39.529999,40.400002,39.449978,1254100
2017-03-06,40.369999,40.610001000000004,40.060001,40.419998,39.469501,1784400
2017-03-07,40.259997999999996,41.049999,40.044998,40.740002000000004,39.781979,1684000
2017-03-08,40.650002,41.080002,40.419998,40.720001,39.762444,1926500
2017-03-09,40.790001000000004,41.099998,40.540001000000004,40.98,40.016335,1533800
2017-03-10,41.02,41.599998,40.863997999999995,41.400002,40.426456,1544100
2017-03-13,41.389998999999996,41.610001000000004,41.310001,41.529999,40.553391,1383900
2017-03-14,41.5,42.25,41.323002,42.209998999999996,41.217407,992300
2017-03-15,42.439999,43.470001,42.279999,42.360001000000004,41.363884000000006,2309500
2017-03-16,42.279999,42.5,41.75,41.990002000000004,41.002583,1065300
2017-03-17,41.939999,42.389998999999996,41.669998,42.25,41.25647,1609000
2017-03-20,42.310001,42.630001,42.091,42.48,41.48106,1693200
2017-03-21,42.59,43.125,42.540001000000004,42.869999,41.861889,1640100
2017-03-22,43.02,43.48,42.43,42.439999,41.441998,1391700
2017-03-23,42.400002,43.279999,42.220001,43.009997999999996,41.998591999999995,1135600
2017-03-24,43.0,43.235001000000004,42.669998,42.669998,41.666592,1338300
2017-03-27,42.529999,43.02,42.220001,42.959998999999996,41.949771999999996,812700
2017-03-28,42.860001000000004,43.200001,42.66,42.919998,41.910713,901800
2017-03-29,42.880001,42.950001,42.52,42.639998999999996,41.637302000000005,704000
2017-03-30,42.700001,42.700001,42.060001,42.09,41.100231,640800
2017-03-31,42.07,42.145,41.810001,42.060001,41.070938,1003800
2017-04-03,42.009997999999996,42.25,41.75,42.0,41.012344,914700
2017-04-04,42.080002,42.220001,41.540001000000004,42.189999,41.197884,1297300
2017-04-05,42.130001,42.5,41.700001,41.740002000000004,40.758461,816300
2017-04-06,43.119999,43.400002,40.610001000000004,43.139998999999996,42.125534,2956500
2017-04-07,42.130001,43.259997999999996,41.75,42.990002000000004,41.979065000000006,2618100
2017-04-10,42.939999,43.009997999999996,42.18,42.759997999999996,41.754475,1236700
2017-04-11,42.779999,42.889998999999996,42.094002,42.880001,41.871646999999996,1170500
2017-04-12,42.900002,42.950001,42.080002,42.16,41.168583,717600
2017-04-13,42.18,42.34,41.869999,41.869999,40.885403000000004,531800
2017-04-17,41.889998999999996,42.259997999999996,41.755001,42.23,41.236938,508300
2017-04-18,42.27,42.439999,41.990002000000004,42.380001,41.383410999999995,812900
2017-04-19,42.290001000000004,42.389998999999996,42.009997999999996,42.200001,41.207645,526300
2017-04-20,42.310001,42.740002000000004,42.02,42.599998,41.598236,415600
2017-04-21,42.57,42.57,42.040001000000004,42.259997999999996,41.266234999999995,679600
2017-04-24,42.529999,42.709998999999996,42.200001,42.669998,41.666592,555600
2017-04-25,42.84,42.93,42.279999,42.459998999999996,41.461529,840100
2017-04-26,42.330002,42.380001,41.959998999999996,42.240002000000004,41.429660999999996,901200
2017-04-27,42.139998999999996,42.849998,42.130001,42.639998999999996,41.821979999999996,991400
2017-04-28,42.59,42.639998999999996,41.549999,41.75,40.949055,1173800
2017-05-01,41.860001000000004,41.970001,41.349998,41.799999,40.998096000000004,1440300
2017-05-02,41.68,42.02,40.91,41.389998999999996,40.595955,1039700
2017-05-03,41.169998,41.439999,40.830002,40.900002,40.115364,800600
2017-05-04,41.18,41.400002,40.75,41.259997999999996,40.468452,959100
2017-05-05,41.18,41.634997999999996,41.18,41.57,40.772507,595200
2017-05-08,41.419998,41.619999,41.119999,41.580002,40.782314,739200
2017-05-09,41.619999,41.900002,41.310001,41.75,40.949055,715000
2017-05-10,41.68,42.470001,41.650002,42.470001,41.655246999999996,1017200
2017-05-11,42.330002,42.5,41.919998,42.200001,41.390427,1006900
2017-05-12,42.07,42.369999,42.07,42.200001,41.390427,523100
2017-05-15,42.139998999999996,42.959998999999996,42.139998999999996,42.93,42.106415000000005,601600
2017-05-16,43.23,44.509997999999996,43.099998,44.470001,43.616875,1805900
2017-05-17,44.470001,44.709998999999996,44.029999,44.169998,43.32262,1248000
2017-05-18,44.049999,44.220001,43.720001,43.939999,43.097038,2490800
2017-05-19,44.419998,44.84,44.049999,44.380001,43.528595,740200
2017-05-22,44.5,44.75,44.290001000000004,44.580002,43.724765999999995,531800
2017-05-23,44.509997999999996,44.73,44.16,44.220001,43.37167,650800
2017-05-24,44.68,45.509997999999996,44.400002,45.490002000000004,44.617306,1182000
2017-05-25,45.580002,45.919998,45.400002,45.630001,44.754622999999995,561400
2017-05-26,45.549999,45.810001,45.310001,45.66,44.784042,434200
2017-05-30,45.5,46.32,45.41,46.169998,45.284256,756900
2017-05-31,46.310001,46.82,46.310001,46.41,45.51965,879700
2017-06-01,46.48,47.400002,46.330002,47.32,46.412193,740500
2017-06-02,47.560001,47.990002000000004,47.0,47.380001,46.471046,634100
2017-06-05,47.150002,47.459998999999996,46.41,46.709998999999996,45.813896,653600
2017-06-06,46.650002,46.705002,45.939999,46.669998,45.774662,568100
2017-06-07,46.759997999999996,47.209998999999996,46.325001,46.91,46.010063,691100
2017-06-08,46.900002,46.91,46.48,46.5,45.607929,374000
2017-06-09,46.580002,46.759997999999996,45.849998,46.029999,45.146941999999996,862700
2017-06-12,46.16,46.279999,45.200001,45.43,44.558456,611500
2017-06-13,45.599998,46.240002000000004,45.470001,45.98,45.097908000000004,592500
2017-06-14,45.799999,46.130001,45.459998999999996,45.59,44.715389,760000
2017-06-15,45.459998999999996,45.639998999999996,45.060001,45.32,44.450569,480300
2017-06-16,45.18,45.27,43.889998999999996,45.07,44.205357,1658200
2017-06-19,44.959998999999996,45.650002,44.959998999999996,45.549999,44.676151000000004,906200
2017-06-20,45.860001000000004,45.93,45.48,45.73,44.852703000000005,447500
2017-06-21,45.91,46.18,45.57,45.82,44.940971000000005,812100
2017-06-22,45.830002,46.009997999999996,45.41,45.59,44.715389,310800
2017-06-23,45.540001000000004,45.73,45.310001,45.560001,44.685966,2435400
2017-06-26,45.619999,45.740002000000004,45.060001,45.34,44.470177,483000
2017-06-27,45.279999,45.369999,44.52,44.689999,43.832653,591400
2017-06-28,44.860001000000004,45.740002000000004,44.650002,45.369999,44.499607,663600
2017-06-29,45.299999,45.310001,44.040001000000004,44.130001,43.283401,762100
2017-06-30,44.290001000000004,44.509997999999996,43.959998999999996,44.040001000000004,43.195122,652600
2017-07-03,44.02,44.16,43.32,43.860001000000004,43.018574,618100
2017-07-05,43.669998,44.07,43.259997999999996,43.27,42.439896000000005,820600
2017-07-06,43.130001,43.240002000000004,42.744999,42.900002,42.076992,726300
2017-07-07,43.009997999999996,43.400002,42.759997999999996,43.099998,42.273154999999996,516800
2017-07-10,43.200001,43.259997999999996,42.580002,42.740002000000004,41.920059,1034900
2017-07-11,42.810001,43.810001,42.580002,43.790001000000004,42.949913,1129600
2017-07-12,44.0,44.529999,43.75,44.0,43.155884,931900
2017-07-13,44.029999,44.189999,43.48,43.77,42.930294,696700
2017-07-14,43.799999,44.09,43.605,43.650002,42.812607,358100
2017-07-17,43.669998,44.18,43.400002,43.990002000000004,43.146088,512500
2017-07-18,44.02,44.34,43.855,44.130001,43.283401,568800
2017-07-19,44.200001,44.57,44.049999,44.380001,43.528595,592600
2017-07-20,44.439999,44.509997999999996,44.220001,44.279999,43.430519,470100
2017-07-21,44.299999,45.200001,44.27,45.0,44.136703000000004,1989000
2017-07-24,44.810001,45.259997999999996,44.459998999999996,44.75,43.891498999999996,961900
2017-07-25,47.380001,49.939999,45.02,45.68,44.803658,3175200
2017-07-26,45.509997999999996,46.009997999999996,44.18,44.279999,43.430519,1260000
2017-07-27,44.290001000000004,44.540001000000004,43.720001,43.860001000000004,43.018574,1866100
2017-07-28,43.689999,44.181,43.599998,43.82,42.979343,951100
2017-07-31,43.650002,44.150002,43.643002,43.98,43.136272,1196700
2017-08-01,44.209998999999996,44.259997999999996,43.91,44.040001000000004,43.195122,1093500
2017-08-02,43.860001000000004,44.130001,43.25,43.759997999999996,43.104012,1002600
2017-08-03,43.740002000000004,43.740002000000004,43.119999,43.220001,42.572105,691500
2017-08-04,43.41,43.619999,42.900002,43.619999,42.966103000000004,441600
2017-08-07,43.619999,44.110001000000004,43.41,43.860001000000004,43.202511,555500
2017-08-08,43.740002000000004,43.759997999999996,43.209998999999996,43.560001,42.907005,789300
2017-08-09,43.450001,43.810001,43.0,43.509997999999996,42.857754,690700
2017-08-10,43.43,44.380001,43.279999,44.34,43.67532,620000
2017-08-11,44.330002,44.810001,44.080002,44.810001,44.138271,452800
2017-08-14,44.869999,45.060001,44.695,44.810001,44.138271,690800
2017-08-15,44.900002,45.080002,44.700001,45.02,44.345127000000005,439800
2017-08-16,45.110001000000004,45.57,44.919998,45.360001000000004,44.680019,523200
2017-08-17,45.290001000000004,45.900002,45.119999,45.369999,44.689877,729800
2017-08-18,45.209998999999996,45.310001,44.860001000000004,45.27,44.59137,755600
2017-08-21,45.139998999999996,45.580002,45.014,45.450001,44.768677000000004,697200
2017-08-22,45.5,45.970001,45.389998999999996,45.66,44.975525,858600
2017-08-23,45.57,45.740002000000004,45.029999,45.59,44.906574,709100
2017-08-24,45.610001000000004,45.610001000000004,44.814999,45.0,44.32542,1029500
2017-08-25,45.060001,45.23,44.810001,45.040001000000004,44.364822,983000
2017-08-28,45.189999,45.189999,44.720001,44.880001,44.207221999999994,981200
2017-08-29,44.779999,45.16,44.73,45.07,44.394371,975900
2017-08-30,45.110001000000004,45.240002000000004,44.68,45.169998,44.49287,731800
2017-08-31,45.110001000000004,45.709998999999996,45.009997999999996,45.48,44.798225,652000
2017-09-01,45.720001,46.150002,45.549999,45.990002000000004,45.300583,545600
2017-09-05,46.049999,46.23,45.560001,45.740002000000004,45.054328999999996,1071500
2017-09-06,45.740002000000004,45.805,45.02,45.32,44.640625,730500
2017-09-07,45.389998999999996,45.580002,45.040001000000004,45.279999,44.601219,721100
2017-09-08,45.209998999999996,45.900002,44.919998,45.439999,44.758823,631400
2017-09-11,45.669998,46.130001,45.48,45.630001,44.94598,567100
2017-09-12,45.669998,46.009997999999996,45.509997999999996,46.0,45.310435999999996,714000
2017-09-13,46.040001000000004,46.744999,46.040001000000004,46.549999,45.852184,848300
2017-09-14,46.490002000000004,46.549999,46.009997999999996,46.07,45.379383000000004,636300
2017-09-15,46.16,46.509997999999996,46.119999,46.389998999999996,45.69458,1962700
2017-09-18,46.299999,46.450001,45.869999,46.279999,45.586231,583100
2017-09-19,46.290001000000004,46.43,45.990002000000004,46.389998999999996,45.69458,666400
2017-09-20,46.369999,46.720001,46.18,46.650002,45.950684,815700
2017-09-21,46.720001,46.744999,45.830002,45.860001000000004,45.172527,284600
2017-09-22,45.98,46.139998999999996,45.330002,45.380001,44.699726,380800
2017-09-25,45.360001000000004,45.599998,45.02,45.169998,44.49287,857600
2017-09-26,45.259997999999996,45.82,45.169998,45.529999,44.847477000000005,598000
2017-09-27,45.830002,46.240002000000004,45.630001,46.040001000000004,45.349827000000005,686400
2017-09-28,45.98,46.630001,45.875,46.580002,45.881737,685700
2017-09-29,46.459998999999996,47.150002,46.459998999999996,46.889998999999996,46.187092,910200
2017-10-02,46.799999,48.169998,46.681999,47.540001000000004,46.827346999999996,1324700
2017-10-03,47.540001000000004,47.610001000000004,46.959998999999996,47.169998,46.462891,1275800
2017-10-04,48.669998,48.849998,46.299999,48.41,47.684298999999996,2031300
2017-10-05,48.84,49.139998999999996,48.540001000000004,48.59,47.861607,905800
2017-10-06,48.59,49.130001,48.59,49.130001,48.393513,760100
2017-10-09,49.139998999999996,49.209998999999996,48.709998999999996,48.830002,48.098007,545200
2017-10-10,49.09,49.240002000000004,48.849998,49.040001000000004,48.304863,781700
2017-10-11,49.049999,49.75,48.950001,49.369999,48.629909999999995,739300
2017-10-12,49.360001000000004,49.726002,49.0,49.700001,48.954966999999996,504700
2017-10-13,49.889998999999996,50.040001000000004,49.611,50.0,49.250465000000005,534800
2017-10-16,50.0,50.82,50.0,50.689999,49.930122,665600
2017-10-17,50.549999,50.599998,49.91,50.220001,49.467166999999996,1048600
2017-10-18,50.380001,50.564999,50.220001,50.560001,49.802071000000005,763000
2017-10-19,50.470001,50.68,50.130001,50.299999,49.545971,487800
2017-10-20,50.41,50.778,50.23,50.630001,49.871029,501300
2017-10-23,50.610001000000004,51.080002,50.52,50.900002,50.136978000000006,710000
2017-10-24,50.66,51.200001,50.450001,50.720001,49.959675,409700
2017-10-25,51.049999,51.16,50.351002,50.619999,49.861168,596400
2017-10-26,50.650002,50.93,50.57,50.599998,49.841473,298900
2017-10-27,50.610001000000004,50.869999,50.080002,50.82,50.058178000000005,374500
2017-10-30,50.700001,50.970001,50.259997999999996,50.380001,49.624771,475500
2017-10-31,50.529999,51.560001,50.401001,50.990002000000004,50.225628,478900
2017-11-01,51.02,51.970001,51.02,51.349998,50.580227,650400
2017-11-02,51.099998,51.860001000000004,50.900002,51.799999,51.210476,996700
2017-11-03,51.73,52.43,51.459998999999996,52.119999,51.526833,660600
2017-11-06,52.400002,52.470001,51.720001,52.060001,51.467518,446600
2017-11-07,52.189999,52.349998,51.450001,51.66,51.072071,435800
2017-11-08,51.73,52.41,51.669998,52.389998999999996,51.793762,465000
2017-11-09,52.200001,52.450001,51.57,51.619999,51.032524,415200
2017-11-10,51.360001000000004,52.240002000000004,50.599998,51.959998999999996,51.368656,733100
2017-11-13,51.880001,52.849998,51.799999,52.779999,52.179325,747900
2017-11-14,52.709998999999996,54.009997999999996,52.48,53.389998999999996,52.782379000000006,809600
2017-11-15,53.290001000000004,53.290001000000004,52.700001,52.740002000000004,52.139778,1070200
2017-11-16,52.98,54.029999,52.98,53.450001,52.841698,1499100
2017-11-17,53.209998999999996,53.994999,53.16,53.209998999999996,52.604427,853000
2017-11-20,53.209998999999996,53.91,53.209998999999996,53.689999,53.078964,617700
2017-11-21,53.73,54.205002,53.630001,53.740002000000004,53.128399,726500
2017-11-22,53.740002000000004,54.27,53.470001,54.25,53.632591000000005,541100
2017-11-24,54.400002,54.650002,54.18,54.439999,53.820431000000006,130900
2017-11-27,54.43,54.48,53.98,54.029999,53.415096,997500
2017-11-28,54.080002,54.450001,53.720001,54.029999,53.415096,2590800
2017-11-29,53.98,54.369999,53.490002000000004,53.950001,53.336006000000005,1096900
2017-11-30,53.939999,54.485001000000004,53.75,54.369999,53.751225,2492700
2017-12-01,54.5,54.93,53.860001000000004,54.860001000000004,54.235649,1410000
2017-12-04,55.009997999999996,55.158001,54.619999,54.950001,54.324627,795300
2017-12-05,55.099998,55.099998,54.439999,54.450001,53.830315,666000
2017-12-06,54.450001,54.900002,54.360001000000004,54.450001,53.830315,559600
2017-12-07,54.25,55.16,54.248001,54.98,54.354286,1004800
2017-12-08,55.049999,56.419998,54.950001,56.200001,55.560398,1608000
2017-12-11,56.150002,57.200001,56.099998,56.880001,56.232662,1390400
2017-12-12,56.98,57.040001000000004,55.650002,55.75,55.11552,672700
2017-12-13,55.900002,56.080002,55.700001,55.799999,55.164947999999995,923600
2017-12-14,55.709998999999996,55.950001,55.41,55.450001,54.818934999999996,493700
2017-12-15,55.32,55.75,55.200001,55.5,54.868366,2592300
2017-12-18,55.650002,56.5,55.529999,56.119999,55.481308,1000100
2017-12-19,56.330002,56.689999,55.759997999999996,55.849998,55.21438199999999,787900
2017-12-20,56.029999,56.080002,55.360001000000004,55.98,55.342898999999996,1110100
2017-12-21,56.040001000000004,56.25,55.299999,55.43,54.799164000000005,776200
2017-12-22,55.68,55.990002000000004,55.380001,55.82,55.184727,835800
2017-12-26,55.810001,55.860001000000004,55.110001000000004,55.18,54.552009999999996,492000
2017-12-27,55.330002,55.73,55.200001,55.459998999999996,54.828818999999996,571100
2017-12-28,55.630001,56.07,55.419998,55.860001000000004,55.224266,668100
2017-12-29,55.919998,57.509997999999996,55.82,56.450001,55.807556000000005,1163400
2018-01-02,56.490002000000004,56.77,55.169998,55.369999,54.739841000000006,938900
2018-01-03,55.599998,56.439999,55.220001,56.060001,55.42199300000001,1631600
2018-01-04,55.549999,57.990002000000004,53.200001,57.220001,56.568798,3492400
2018-01-05,57.240002000000004,58.0,56.740002000000004,57.700001,57.04333100000001,2317200
2018-01-08,57.82,58.689999,57.290001000000004,58.560001,57.89354300000001,958600
2018-01-09,58.490002000000004,58.700001,57.98,58.040001000000004,57.379459,891700
2018-01-10,58.259997999999996,58.455002,57.57,57.869999,57.211394999999996,997800
2018-01-11,58.02,58.240002000000004,57.529999,58.0,57.339916,1429700
2018-01-12,57.990002000000004,58.439999,57.619999,58.279999,57.616730000000004,1095800
2018-01-16,58.400002,59.09,58.345001,58.52,57.853995999999995,1013600
2018-01-17,58.740002000000004,59.630001,58.5,59.34,58.664668999999996,680100
2018-01-18,59.369999,59.529999,58.629002,59.029999,58.358192,1657000
2018-01-19,59.18,60.279999,59.18,60.040001000000004,59.356697,976700
2018-01-22,60.27,60.849998,60.040001000000004,60.299999,59.613739,794100
2018-01-23,60.16,60.66,59.849998,60.32,59.633511,577400
2018-01-24,60.400002,60.75,59.799999,59.869999,59.188629000000006,828300
2018-01-25,60.07,60.459998999999996,58.900002,59.240002000000004,58.5658,704600
2018-01-26,59.23,59.860001000000004,58.799999,59.799999,59.119427,445000
2018-01-29,59.490002000000004,60.23,59.080002,59.09,58.417515,709100
2018-01-30,58.669998,59.095001,58.040001000000004,58.25,57.587067000000005,950300
2018-01-31,58.459998999999996,59.139998999999996,58.189999,58.599998,57.93309,861000
2018-02-01,58.400002,58.799999,57.009997999999996,57.400002,56.932552,1690200
2018-02-02,57.150002,57.650002,56.224998,56.790001000000004,56.327518000000005,1788400
2018-02-05,56.740002000000004,57.529999,56.169998,56.34,55.881184,2142200
2018-02-06,55.220001,56.740002000000004,54.34,55.799999,55.345581,2049700
2018-02-07,55.669998,57.23,55.518002,56.93,56.466377,1652700
2018-02-08,57.130001,57.5,54.689999,54.73,54.284293999999996,1622100
2018-02-09,55.080002,55.564999,52.919998,54.459998999999996,54.01649499999999,1810400
2018-02-12,54.779999,55.465,54.349998,55.080002,54.631446999999994,1267300
2018-02-13,54.959998999999996,55.07,54.220001,54.540001000000004,54.09584399999999,1404800
2018-02-14,54.330002,54.830002,53.93,54.240002000000004,53.798286,1668100
2018-02-15,54.459998999999996,55.400002,53.869999,55.400002,54.948841,3528800
2018-02-16,55.07,55.849998,54.849998,55.580002,55.127377,1263800
2018-02-20,55.279999,55.57,54.240002000000004,54.290001000000004,53.847878,1143100
2018-02-21,54.419998,54.959998999999996,53.470001,53.509997999999996,53.07423000000001,877100
2018-02-22,53.52,54.27,53.290001000000004,53.75,53.312275,1400100
2018-02-23,53.98,54.75,53.310001,54.709998999999996,54.264462,707000
2018-02-26,54.939999,55.07,54.349998,54.619999,54.17519,623700
2018-02-27,54.619999,54.91,54.389998999999996,54.389998999999996,53.94706,530100
2018-02-28,54.580002,54.821999,54.080002,54.09,53.649506,941000
2018-03-01,54.080002,55.119999,53.990002000000004,54.459998999999996,54.01649499999999,776000
2018-03-02,54.23,55.43,54.040001000000004,55.369999,54.919079,731200
2018-03-05,55.209998999999996,55.93,55.009997999999996,55.880001,55.42493100000001,1070700
2018-03-06,55.849998,56.84,55.605,56.82,56.357277,784800
2018-03-07,56.310001,56.639998999999996,55.860001000000004,56.310001,55.851429,872200
2018-03-08,56.360001000000004,56.900002,56.169998,56.669998,56.208496,846300
2018-03-09,56.990002000000004,57.389998999999996,56.66,57.330002,56.863121,966600
2018-03-12,57.459998999999996,57.669998,56.849998,57.259997999999996,56.793690000000005,798000
2018-03-13,57.32,57.59,56.360001000000004,56.470001,56.010124,391700
2018-03-14,56.75,56.919998,55.900002,56.080002,55.623302,468300
2018-03-15,56.220001,56.639998999999996,55.290001000000004,55.619999,55.167046,502200
2018-03-16,55.720001,56.25,55.23,55.66,55.206718,1027100
2018-03-19,55.52,55.860001000000004,55.189999,55.470001,55.018269,976200
2018-03-20,55.669998,55.959998999999996,55.509997999999996,55.689999,55.236477,422400
2018-03-21,55.529999,55.695,54.580002,55.360001000000004,54.90916800000001,769300
2018-03-22,55.0,55.77,54.57,54.580002,54.13551700000001,636900
2018-03-23,54.75,54.959998999999996,54.040001000000004,54.049999,53.609832999999995,806600
2018-03-26,54.529999,56.610001000000004,54.485001000000004,56.43,55.970451000000004,1135000
2018-03-27,57.310001,57.540001000000004,55.77,56.0,55.543953,1010600
2018-03-28,55.970001,56.560001,55.790001000000004,56.389998999999996,55.930775,832600
2018-03-29,56.759997999999996,58.5,56.759997999999996,58.220001,57.745876,1344500
2018-04-02,58.5,58.900002,57.450001,58.07,57.597094999999996,1876100
2018-04-03,58.439999,59.5,57.580002,59.130001,58.64846,1578900
2018-04-04,58.73,59.669998,58.25,59.43,58.946018,1883600
2018-04-05,62.0,62.834998999999996,60.060001,61.470001,60.969406000000006,3817100
2018-04-06,61.299999,62.560001,60.939999,61.779999,61.27688199999999,1652400
2018-04-09,62.18,63.07,61.779999,62.290001000000004,61.782726000000004,1087700
2018-04-10,63.0,63.970001,62.380001,63.77,63.250675,1306900
2018-04-11,63.330002,63.869999,63.279999,63.759997999999996,63.240753000000005,1569100
2018-04-12,63.84,64.089996,63.080002,63.32,62.804337,1163700
2018-04-13,63.630001,64.25,63.009997999999996,64.120003,63.597832,1476700
2018-04-16,64.25,64.949997,63.869999,64.730003,64.20285799999999,1246900
2018-04-17,64.849998,65.550003,64.459999,65.5,64.96659100000001,2760600
2018-04-18,65.5,65.970001,64.959999,65.510002,64.976509,1868200
2018-04-19,65.470001,65.610001,64.730003,65.25,64.71862800000001,685500
2018-04-20,65.25,65.57,64.58000200000001,65.360001,64.82772800000001,2933100
2018-04-23,65.639999,66.099998,65.459999,65.660004,65.12529,537000
2018-04-24,66.040001,66.129997,65.040001,65.440002,64.907074,665200
2018-04-25,65.33000200000001,65.959999,65.050003,65.849998,65.313728,814300
2018-04-26,66.040001,66.75,65.610001,66.410004,65.869179,1045900
2018-04-27,66.540001,66.849998,66.339996,66.589996,66.04770699999999,474200
2018-04-30,66.57,66.660004,65.269997,65.32,64.788048,810100
2018-05-01,65.029999,65.150002,64.459999,64.970001,64.440903,945900
2018-05-02,64.910004,65.25,64.0,64.139999,63.617661,878600
2018-05-03,64.110001,64.309998,63.465,64.040001,63.708443,721600
2018-05-04,63.939999,65.650002,63.860001000000004,65.089996,64.753006,700300
2018-05-07,65.370003,66.349998,64.874001,66.209999,65.86721,961600
2018-05-08,66.07,66.739998,65.860001,66.660004,66.31488,557300
2018-05-09,66.75,68.309998,66.66999799999999,67.730003,67.379341,1146700
2018-05-10,68.279999,68.349998,67.720001,68.029999,67.67778,841400
2018-05-11,68.18,68.699997,67.739998,67.93,67.5783,730800
2018-05-14,68.099998,68.410004,67.474998,67.620003,67.26990500000001,693700
2018-05-15,67.25,67.730003,67.0,67.309998,66.96151,831100
2018-05-16,67.279999,67.305,66.769997,67.139999,66.792397,603200
2018-05-17,67.16999799999999,67.300003,66.68,67.0,66.653114,726600
2018-05-18,66.66999799999999,67.099998,66.550003,66.790001,66.444199,581500
2018-05-21,67.160004,67.370003,66.559998,66.739998,66.39445500000001,676000
2018-05-22,66.279999,66.309998,64.16999799999999,65.040001,64.703262,1506600
2018-05-23,64.83000200000001,65.33000200000001,64.83000200000001,65.160004,64.822647,545800
2018-05-24,65.160004,65.555,64.959999,65.199997,64.862427,907000
2018-05-25,65.129997,66.07,64.959999,65.43,65.091248,1288600
2018-05-29,64.980003,65.33000200000001,64.16999799999999,64.559998,64.225746,806100
2018-05-30,64.809998,65.389999,64.660004,65.0,64.663467,784400
2018-05-31,65.0,65.059998,63.75,63.75,63.419945,740500
2018-06-01,64.120003,64.43,63.639998999999996,64.110001,63.77808,799300
2018-06-04,64.32,65.279999,64.16999799999999,65.279999,64.942024,741500
2018-06-05,65.230003,65.809998,64.510002,65.730003,65.38969399999999,1382300
2018-06-06,65.720001,65.720001,63.349998,64.660004,64.325233,1178700
2018-06-07,64.489998,65.57,64.150002,64.860001,64.5242,1227700
2018-06-08,64.989998,66.313004,64.800003,65.68,65.339951,768200
2018-06-11,65.66999799999999,65.93,65.360001,65.360001,65.021606,554400
2018-06-12,65.550003,65.959999,65.290001,65.690002,65.349899,593100
2018-06-13,65.800003,66.089996,65.33000200000001,65.339996,65.00170899999999,1218500
2018-06-14,65.529999,66.019997,65.16999799999999,65.849998,65.50907099999999,513700
2018-06-15,65.809998,65.900002,64.720001,64.93,64.593834,1262100
2018-06-18,64.5,65.07,64.470001,64.93,64.593834,644400
2018-06-19,64.870003,66.650002,64.519997,66.379997,66.036324,1463000
2018-06-20,66.629997,67.599998,66.139999,67.480003,67.130638,2094000
2018-06-21,67.610001,67.910004,67.190002,67.290001,66.94162,2038400
2018-06-22,67.550003,68.150002,67.059998,67.879997,67.52855699999999,1102700
2018-06-25,68.059998,68.370003,67.57,68.150002,67.797165,805400
2018-06-26,68.41999799999999,69.550003,68.150002,68.629997,68.27467299999999,1033900
2018-06-27,68.75,69.07,67.82,68.160004,67.807114,588600
2018-06-28,68.209999,68.980003,68.099998,68.720001,68.364212,606700
2018-06-29,68.980003,69.339996,68.41999799999999,68.510002,68.155304,857500
2018-07-02,68.120003,68.199997,67.620003,67.989998,67.637985,763100
2018-07-03,68.129997,68.629997,67.940002,68.370003,68.016029,514500
2018-07-05,68.519997,69.93,68.269997,69.879997,69.518204,1000200
2018-07-06,69.699997,70.5,69.699997,70.190002,69.826599,375100
2018-07-09,70.209999,71.040001,70.029999,70.379997,70.015617,832500
2018-07-10,70.779999,71.010002,70.029999,70.279999,69.916138,1437100
2018-07-11,70.209999,70.650002,69.790001,70.199997,69.836548,447000
2018-07-12,70.349998,70.57,70.089996,70.540001,70.174789,887500
2018-07-13,70.57,71.290001,70.510002,70.849998,70.48318499999999,674500
2018-07-16,70.690002,70.860001,70.025002,70.199997,69.836548,539700
2018-07-17,70.199997,70.91999799999999,70.110001,70.730003,70.36380799999999,498300
2018-07-18,70.690002,70.93,70.290001,70.589996,70.224533,549500
2018-07-19,70.480003,70.800003,69.841003,70.379997,70.015617,944800
2018-07-20,70.480003,70.860001,70.07,70.41999799999999,70.055412,825900
2018-07-23,70.519997,70.66999799999999,68.805,69.019997,68.662651,1380400
2018-07-24,68.870003,69.550003,68.089996,68.339996,67.986176,2183000
2018-07-25,68.629997,71.315002,68.099998,70.410004,70.045464,1789700
2018-07-26,70.91999799999999,71.019997,68.25,70.050003,69.687325,1632400
2018-07-27,70.139999,70.489998,69.75,69.800003,69.438622,834500
2018-07-30,69.519997,70.300003,69.410004,70.239998,69.876335,659300
2018-07-31,70.349998,70.519997,70.059998,70.269997,69.906181,656000
2018-08-01,70.290001,70.370003,69.529999,69.699997,69.339134,428900
2018-08-02,69.220001,70.75,69.040001,70.529999,70.35764300000001,460300
2018-08-03,70.66999799999999,72.18,70.66999799999999,72.160004,71.983665,633400
2018-08-06,72.339996,73.190002,71.83000200000001,72.58000200000001,72.40263399999999,924900
2018-08-07,72.620003,72.629997,71.66999799999999,71.769997,71.594612,601200
2018-08-08,71.809998,71.93,71.099998,71.410004,71.235497,301300
2018-08-09,71.389999,71.739998,70.809998,71.629997,71.45495600000001,681500
2018-08-10,71.5,72.364998,70.949997,71.089996,70.916275,399200
2018-08-13,71.050003,71.510002,70.459999,70.91999799999999,70.746689,758800
2018-08-14,71.120003,72.040001,70.959999,71.699997,71.52478,604900
2018-08-15,71.459999,71.709999,68.940002,69.260002,69.090752,977000
2018-08-16,69.290001,69.75,66.449997,66.589996,66.427269,1606200
2018-08-17,66.129997,66.129997,63.02,65.589996,65.42971,1891500
2018-08-20,65.779999,66.0,65.18,65.629997,65.469612,1355900
2018-08-21,65.629997,66.110001,65.0,65.239998,65.080566,1734800
2018-08-22,65.32,66.25,65.010002,66.18,66.018272,1132700
2018-08-23,65.860001,67.379997,65.800003,67.08000200000001,66.916077,745600
2018-08-24,66.910004,67.379997,66.720001,67.029999,66.866196,1001600
2018-08-27,67.449997,68.459999,67.349998,68.120003,67.953537,878500
2018-08-28,67.910004,68.650002,67.66999799999999,67.900002,67.73406999999999,602000
2018-08-29,68.209999,68.370003,67.629997,67.730003,67.564491,373500
2018-08-30,67.540001,67.93,66.910004,67.120003,66.955978,457400
2018-08-31,67.199997,67.720001,66.83000200000001,67.599998,67.434799,462000
2018-09-04,67.650002,67.889999,67.050003,67.16999799999999,67.005852,570000
2018-09-05,66.83000200000001,67.510002,66.540001,67.300003,67.135536,549500
2018-09-06,67.029999,67.540001,66.809998,67.220001,67.05573299999999,783300
2018-09-07,67.019997,67.245003,66.714996,66.83000200000001,66.666687,377600
2018-09-10,67.040001,67.208,66.849998,67.029999,66.866196,410100
2018-09-11,66.720001,67.389999,66.487999,67.129997,66.96595,390600
2018-09-12,67.220001,67.470001,66.459999,67.139999,66.97592900000001,464100
2018-09-13,67.120003,67.790001,66.610001,67.349998,67.18541,508000
2018-09-14,67.349998,68.190002,67.220001,68.010002,67.84380300000001,533600
2018-09-17,68.059998,68.059998,66.68,66.690002,66.52703100000001,602900
2018-09-18,66.5,67.833,65.589996,66.839996,66.676659,1182800
2018-09-19,66.970001,67.209999,65.209999,65.260002,65.100525,1646600
2018-09-20,65.269997,66.269997,64.68,66.129997,65.968391,805000
2018-09-21,66.91999799999999,67.489998,66.730003,67.0,66.83627299999999,1450600
2018-09-24,66.809998,67.209999,65.870003,66.43,66.267662,1674600
2018-09-25,66.459999,67.139999,66.239998,67.099998,66.93602800000001,700400
2018-09-26,67.08000200000001,67.25,66.470001,66.699997,66.537003,1040900
2018-09-27,66.290001,66.410004,65.239998,65.589996,65.42971,1582800
2018-09-28,65.379997,66.66999799999999,65.050003,66.599998,66.437248,1398000
2018-10-01,66.959999,67.0,65.800003,65.940002,65.778862,1468500
2018-10-02,69.660004,72.470001,68.25,72.0,71.824051,3305800
2018-10-03,72.940002,73.900002,72.190002,72.239998,72.063461,1437900
2018-10-04,72.08000200000001,73.440002,71.809998,73.25,73.070999,1373800
2018-10-05,73.440002,74.83000200000001,73.279999,74.699997,74.517448,1516300
2018-10-08,74.360001,75.089996,73.349998,73.989998,73.809189,1962400
2018-10-09,74.099998,75.809998,73.83000200000001,74.620003,74.437653,1729400
2018-10-10,74.639999,74.839996,73.0,73.220001,73.041069,4301600
2018-10-11,72.989998,73.089996,71.875,72.129997,71.953728,1545100
2018-10-12,72.660004,73.190002,72.089996,72.959999,72.781708,1023100
2018-10-15,73.059998,73.660004,72.5,73.18,73.00116700000001,601300
2018-10-16,73.529999,75.339996,73.33000200000001,75.269997,75.08606,972800
2018-10-17,75.120003,76.254997,74.5,76.110001,75.924011,893200
2018-10-18,76.110001,76.779999,75.019997,75.650002,75.46513399999999,694000
2018-10-19,76.349998,76.839996,75.989998,76.57,76.38288100000001,757300
2018-10-22,76.959999,77.699997,76.43,77.150002,76.961464,720800
2018-10-23,76.58000200000001,78.349998,75.82,78.160004,77.969002,869000
2018-10-24,78.25,79.970001,78.08000200000001,79.050003,78.856827,1673300
2018-10-25,78.129997,78.75,77.349998,78.050003,77.859268,1289400
2018-10-26,77.510002,77.870003,76.699997,77.010002,76.82180799999999,972800
2018-10-29,77.699997,78.959999,76.709999,77.199997,77.011337,1351000
2018-10-30,77.33000200000001,78.681999,76.029999,76.790001,76.60234799999999,1541800
2018-10-31,76.82,79.059998,76.230003,78.160004,77.969002,1343400
2018-11-01,78.160004,78.209999,76.519997,77.230003,77.230003,934900
2018-11-02,77.449997,78.230003,76.300003,76.980003,76.980003,1008800
2018-11-05,77.029999,78.70500200000001,77.010002,78.629997,78.629997,1032700
2018-11-06,78.639999,80.43,78.629997,80.260002,80.260002,1220100
2018-11-07,80.400002,81.629997,80.400002,80.809998,80.809998,832900
2018-11-08,80.599998,81.849998,80.33000200000001,81.68,81.68,1323800
2018-11-09,81.5,82.035004,81.139999,82.019997,82.019997,901200
2018-11-12,82.0,82.809998,81.32,82.139999,82.139999,1195000
2018-11-13,82.16999799999999,83.459999,81.739998,83.349998,83.349998,1127300
2018-11-14,83.339996,83.860001,82.699997,82.989998,82.989998,1483800
2018-11-15,81.900002,82.769997,80.550003,82.209999,82.209999,1196800
2018-11-16,82.199997,83.639999,82.059998,82.650002,82.650002,1079300
2018-11-19,82.379997,83.08000200000001,80.629997,80.809998,80.809998,1469300
2018-11-20,80.5,80.769997,79.82,80.599998,80.599998,1087000
2018-11-21,80.660004,82.029999,80.650002,81.790001,81.790001,676300
2018-11-23,81.389999,82.059998,80.660004,81.150002,81.150002,480000
2018-11-26,81.739998,81.839996,79.980003,80.370003,80.370003,1703500
2018-11-27,78.360001,79.589996,77.190002,77.550003,77.550003,3391800
2018-11-28,77.5,78.230003,76.139999,77.099998,77.099998,2684600
2018-11-29,77.300003,78.769997,76.660004,76.739998,76.739998,2621800
2018-11-30,76.900002,77.650002,75.83000200000001,76.699997,76.699997,39405400
2018-12-03,77.33000200000001,77.400002,74.639999,75.58000200000001,75.58000200000001,3214500
2018-12-04,75.860001,76.870003,75.300003,75.489998,75.489998,3021000
2018-12-06,75.5,76.300003,72.980003,74.129997,74.129997,2525500
2018-12-07,74.300003,74.519997,73.190002,73.449997,73.449997,1580800
2018-12-10,73.639999,73.639999,72.290001,73.370003,73.370003,2327900
2018-12-11,73.900002,75.790001,73.66999799999999,75.16999799999999,75.16999799999999,1820500
2018-12-12,75.610001,77.20300300000001,75.599998,76.389999,76.389999,1750700
2018-12-13,76.349998,77.870003,76.190002,77.690002,77.690002,1376300
2018-12-14,77.470001,77.720001,75.5,75.83000200000001,75.83000200000001,1780300
2018-12-17,75.699997,76.699997,75.20500200000001,75.440002,75.440002,2019200
2018-12-18,75.959999,76.495003,75.029999,75.629997,75.629997,1660400
2018-12-19,75.989998,77.360001,74.720001,74.989998,74.989998,1771900
2018-12-20,74.75,75.400002,72.709999,73.400002,73.400002,1965600
2018-12-21,73.75,75.209999,73.290001,73.599998,73.599998,2323600
2018-12-24,73.58000200000001,74.43,70.910004,71.529999,71.529999,548400
2018-12-26,71.900002,73.650002,71.660004,73.370003,73.370003,2635100
2018-12-27,72.790001,73.739998,71.57,73.730003,73.730003,1473700
2018-12-28,74.07,74.489998,72.93,73.610001,73.610001,823000
