Date,Open,High,Low,Close,Adj Close,Volume
2018-01-12,118.010002,118.599998,117.66999799999999,118.16999799999999,116.18988,1466300
2018-01-16,118.559998,118.989998,116.16999799999999,116.639999,114.68551599999999,2373800
2018-01-17,116.599998,117.040001,114.279999,114.5,112.58136699999999,3795000
2018-01-18,115.75,122.07,115.160004,118.410004,116.42586499999999,3736600
2018-01-19,118.050003,119.129997,116.529999,118.440002,116.455345,2953300
2018-01-22,118.260002,118.660004,116.360001,116.779999,114.82316599999999,1672600
2018-01-23,116.510002,118.110001,116.510002,117.25,115.285301,1731700
2018-01-24,117.540001,119.120003,117.349998,118.940002,116.946968,1985500
2018-01-25,119.760002,120.779999,118.970001,120.209999,118.19569399999999,2489400
2018-01-26,120.5,121.5,119.620003,121.470001,119.434578,1686800
2018-01-29,120.910004,121.650002,119.379997,119.57,117.566422,1332200
2018-01-30,119.199997,119.660004,117.779999,118.349998,116.366859,1172300
2018-01-31,118.870003,119.07,118.199997,118.730003,116.740494,1400100
2018-02-01,118.160004,118.769997,115.57,117.620003,115.649101,1393900
2018-02-02,117.279999,117.459999,115.510002,115.610001,113.672775,1659200
2018-02-05,115.290001,117.120003,111.620003,111.980003,110.10360700000001,2484600
2018-02-06,110.33000200000001,114.199997,109.599998,113.959999,112.05041499999999,2392000
2018-02-07,113.860001,116.739998,113.480003,114.129997,112.21756699999999,2223300
2018-02-08,113.889999,114.199997,110.269997,110.300003,108.451752,2099500
2018-02-09,111.760002,113.199997,108.739998,112.370003,110.487068,1739300
2018-02-12,113.0,114.730003,112.860001,113.980003,112.07009099999999,1242900
2018-02-13,113.440002,114.82,112.599998,114.559998,112.64036599999999,1423800
2018-02-14,113.849998,116.82,113.470001,116.32,114.37088,1283800
2018-02-15,116.239998,116.550003,114.809998,116.190002,114.68673700000001,1276900
2018-02-16,115.860001,117.230003,115.370003,116.160004,114.657127,995900
2018-02-20,115.349998,116.120003,114.75,115.400002,113.90696000000001,1038400
2018-02-21,115.480003,117.730003,115.32,115.620003,114.12411499999999,1017400
2018-02-22,116.269997,117.099998,115.589996,115.860001,114.36100800000001,919700
2018-02-23,116.68,117.599998,115.879997,117.459999,115.940308,738500
2018-02-26,117.550003,117.75,116.239998,117.529999,116.009399,964900
2018-02-27,117.75,117.879997,115.269997,115.309998,113.81811499999999,1090800
2018-02-28,113.699997,114.720001,112.290001,112.440002,110.98526000000001,2725300
2018-03-01,111.949997,113.129997,110.300003,111.110001,109.67246200000001,1603700
2018-03-02,110.230003,110.889999,109.589996,110.25,108.82359299999999,1360200
2018-03-05,109.5,113.089996,109.5,112.760002,111.30111699999999,1997100
2018-03-06,113.089996,116.139999,112.699997,115.07,113.581223,1531000
2018-03-07,113.779999,115.32,113.699997,115.019997,113.53186799999999,1311600
2018-03-08,115.410004,115.639999,114.839996,115.400002,113.90696000000001,1059800
2018-03-09,116.209999,117.739998,115.949997,117.650002,116.12784599999999,1412300
2018-03-12,117.650002,118.620003,115.599998,116.459999,114.95324699999999,1293000
2018-03-13,117.199997,117.83000200000001,115.480003,116.07,114.56829099999999,1338400
2018-03-14,116.480003,116.75,114.68,115.040001,113.55161299999999,1000500
2018-03-15,115.209999,115.839996,113.970001,114.279999,112.801445,1127000
2018-03-16,114.290001,115.209999,113.849998,114.93,113.44304699999999,2409700
2018-03-19,114.41999799999999,114.860001,112.620003,113.220001,111.75515700000001,1109300
2018-03-20,115.0,115.58000200000001,113.699997,113.849998,112.37701399999999,1446900
2018-03-21,114.0,115.449997,113.720001,113.949997,112.47571599999999,1233800
2018-03-22,113.120003,113.760002,111.120003,111.309998,109.869873,1251000
2018-03-23,111.440002,111.800003,109.389999,109.480003,108.063553,1371600
2018-03-26,110.620003,112.099998,110.010002,111.93,110.48185,1187400
2018-03-27,112.589996,113.91999799999999,111.470001,111.910004,110.46212,1530500
2018-03-28,112.18,112.839996,109.940002,109.970001,108.547211,2016700
2018-03-29,110.360001,112.529999,110.040001,111.599998,110.15612,1277000
2018-04-02,111.550003,111.58000200000001,107.040001,108.260002,106.85933700000001,1504700
2018-04-03,108.5,110.43,107.790001,110.18,108.754494,2203000
2018-04-04,108.389999,110.889999,107.949997,110.790001,109.356606,1259400
2018-04-05,111.699997,112.300003,111.089996,111.66999799999999,110.22521200000001,1472500
2018-04-06,110.599998,111.860001,108.400002,109.389999,107.97471599999999,1677800
2018-04-09,110.300003,111.370003,109.370003,109.610001,108.191864,1270100
2018-04-10,110.620003,111.25,109.900002,110.360001,108.93215900000001,1522100
2018-04-11,109.379997,109.849998,108.57,109.279999,107.86613500000001,1298800
2018-04-12,109.75,110.43,108.629997,110.040001,108.61631000000001,1901900
2018-04-13,110.650002,110.93,109.559998,110.0,108.576828,1185900
2018-04-16,110.879997,112.0,110.459999,111.769997,110.323921,1739300
2018-04-17,112.199997,113.489998,111.66999799999999,113.08000200000001,111.61698200000001,1604200
2018-04-18,113.309998,113.83000200000001,112.779999,113.190002,111.725555,2156800
2018-04-19,113.75,113.900002,108.379997,109.639999,108.22148100000001,2374000
2018-04-20,109.459999,110.16999799999999,108.239998,108.870003,107.461441,1971200
2018-04-23,108.800003,109.800003,108.699997,108.879997,107.47130600000001,1431100
2018-04-24,108.970001,109.449997,104.389999,105.769997,104.40155,2372200
2018-04-25,107.459999,109.470001,105.91999799999999,107.879997,106.484245,2649100
2018-04-26,107.970001,108.089996,106.440002,107.699997,106.306572,1173700
2018-04-27,107.309998,108.339996,107.199997,107.970001,106.57309,1022500
2018-04-30,108.510002,108.900002,105.75,105.879997,104.510124,1413100
2018-05-01,105.099998,106.940002,104.019997,106.91999799999999,105.536667,1316600
2018-05-02,107.050003,107.269997,105.400002,105.709999,104.342323,1889900
2018-05-03,105.550003,106.199997,104.279999,104.959999,103.602028,1281300
2018-05-04,104.480003,107.040001,104.139999,106.400002,105.023407,1193900
2018-05-07,106.480003,106.980003,105.639999,106.209999,104.835854,997700
2018-05-08,106.07,107.160004,105.949997,106.68,105.29978200000001,900600
2018-05-09,106.709999,107.410004,106.110001,107.050003,106.112602,1153300
2018-05-10,107.260002,107.699997,105.940002,106.110001,105.18083200000001,1951500
2018-05-11,105.849998,106.290001,100.360001,100.43,99.550568,7285000
2018-05-14,101.040001,102.970001,100.970001,102.970001,102.068321,3719800
2018-05-15,102.779999,103.239998,101.790001,103.029999,102.1278,1787800
2018-05-16,101.889999,103.980003,101.209999,103.5,102.593681,2090300
2018-05-17,103.260002,104.720001,103.25,104.410004,103.49571999999999,1292900
2018-05-18,104.160004,105.300003,104.029999,104.949997,104.03098299999999,2830000
2018-05-21,105.5,105.860001,104.839996,105.029999,104.110283,1229700
2018-05-22,105.029999,105.230003,102.720001,102.839996,101.939461,1549200
2018-05-23,102.239998,102.980003,101.699997,102.709999,101.8106,1279000
2018-05-24,102.360001,102.93,101.5,102.5,101.60244,1087500
2018-05-25,102.040001,103.510002,101.66999799999999,103.400002,102.49455999999999,1121500
2018-05-29,102.440002,103.110001,100.610001,101.040001,100.15522800000001,1618300
2018-05-30,101.529999,101.839996,100.360001,101.43,100.541809,2070100
2018-05-31,101.68,101.769997,100.82,100.91999799999999,100.036278,1774400
2018-06-01,101.57,102.949997,100.870003,102.010002,101.11673,1420600
2018-06-04,102.449997,102.860001,101.970001,102.43,101.533051,1013900
2018-06-05,102.459999,102.91999799999999,101.970001,102.5,101.60244,854900
2018-06-06,102.529999,104.099998,101.860001,103.93,103.019913,1367000
2018-06-07,104.190002,104.199997,102.410004,103.089996,102.187271,1261300
2018-06-08,102.989998,104.379997,102.529999,104.150002,103.23799100000001,1444900
2018-06-11,103.889999,104.389999,103.459999,103.93,103.019913,1094700
2018-06-12,104.0,104.309998,102.720001,103.529999,102.623421,2211700
2018-06-13,103.620003,104.050003,103.029999,103.300003,102.395439,2391500
2018-06-14,103.620003,104.16999799999999,102.699997,103.959999,103.04965200000001,2071500
2018-06-15,104.089996,105.41999799999999,103.900002,105.379997,104.45721400000001,3221900
2018-06-18,104.440002,105.010002,103.760002,105.0,104.08054399999999,1978600
2018-06-19,104.050003,104.290001,103.0,104.129997,103.218163,2613800
2018-06-20,104.010002,105.260002,104.010002,105.139999,104.21932199999999,1810700
2018-06-21,104.809998,104.809998,103.589996,104.300003,103.38668100000001,3472600
2018-06-22,104.650002,105.860001,104.519997,105.41999799999999,104.496864,3094300
2018-06-25,105.110001,105.18,104.5,105.110001,104.189583,3175600
2018-06-26,105.510002,106.730003,105.290001,105.83000200000001,104.903282,2075000
2018-06-27,106.269997,106.339996,104.989998,105.110001,104.189583,2166800
2018-06-28,105.5,106.940002,103.900002,105.720001,104.79424300000001,2833500
2018-06-29,105.690002,106.029999,103.66999799999999,103.730003,102.821671,3074300
2018-07-02,102.720001,103.379997,101.16999799999999,102.68,101.780861,2304300
2018-07-03,102.879997,103.83000200000001,101.870003,102.0,101.10681899999999,800600
2018-07-05,101.949997,102.889999,101.620003,102.809998,101.90972099999999,1445500
2018-07-06,102.360001,103.339996,101.879997,103.0,102.098061,1025400
2018-07-09,103.220001,104.16999799999999,103.089996,103.91999799999999,103.010002,1171200
2018-07-10,104.120003,104.870003,103.709999,104.800003,103.882301,1340700
2018-07-11,103.910004,104.790001,103.339996,103.75,102.841492,1683500
2018-07-12,104.440002,104.440002,103.300003,103.839996,102.930702,1476800
2018-07-13,103.410004,104.150002,102.900002,103.989998,103.079391,1568700
2018-07-16,103.849998,104.029999,101.910004,102.370003,101.473579,2177000
2018-07-17,102.349998,105.660004,102.08000200000001,105.410004,104.486961,2170700
2018-07-18,106.33000200000001,107.459999,105.620003,106.75,105.815224,2899700
2018-07-19,106.75,107.019997,103.339996,106.389999,105.45837399999999,2543700
2018-07-20,105.879997,105.940002,104.800003,105.0,104.08054399999999,1391700
2018-07-23,104.529999,105.050003,103.849998,104.410004,103.49571999999999,1772600
2018-07-24,104.779999,106.529999,104.379997,106.050003,105.121353,1375500
2018-07-25,108.010002,109.610001,107.389999,109.279999,108.323067,1933400
2018-07-26,109.360001,111.0,109.139999,110.660004,109.690987,1482900
2018-07-27,110.269997,110.489998,108.529999,109.440002,108.48166699999999,1259800
2018-07-30,109.57,111.040001,109.050003,109.739998,108.77903700000002,1420700
2018-07-31,109.870003,110.839996,109.43,110.660004,109.690987,1390300
2018-08-01,110.25,111.160004,109.68,109.730003,108.769127,1155500
2018-08-02,109.32,109.860001,108.639999,109.32,108.36271699999999,975400
2018-08-03,109.93,111.059998,109.660004,110.949997,109.978447,1041900
2018-08-06,110.370003,110.839996,109.709999,110.32,109.353958,854600
2018-08-07,110.550003,110.83000200000001,109.839996,109.959999,108.99711599999999,581600
2018-08-08,110.160004,110.160004,108.58000200000001,109.25,108.29333500000001,797700
2018-08-09,108.809998,110.019997,108.099998,109.209999,108.7314,1013200
2018-08-10,108.68,108.989998,107.370003,107.459999,106.98906699999999,628200
2018-08-13,107.290001,107.639999,105.589996,106.08000200000001,105.61511999999999,1272800
2018-08-14,106.059998,107.209999,106.059998,106.849998,106.381744,771300
2018-08-15,106.519997,107.199997,105.440002,107.029999,106.560951,1310100
2018-08-16,107.849998,108.470001,107.370003,107.900002,107.42714699999999,1213400
2018-08-17,108.019997,108.75,107.480003,108.41999799999999,107.94486200000001,773200
2018-08-20,108.849998,110.489998,108.489998,109.730003,109.249123,1488800
2018-08-21,109.980003,111.809998,109.699997,111.08000200000001,110.593208,1587700
2018-08-22,111.040001,111.33000200000001,110.269997,110.599998,110.115311,1271900
2018-08-23,110.260002,110.800003,109.650002,109.769997,109.28894,1389900
2018-08-24,110.239998,110.83000200000001,109.739998,110.620003,110.135223,869000
2018-08-27,110.779999,111.449997,110.559998,111.129997,110.642982,1137300
2018-08-28,111.360001,111.360001,109.620003,109.870003,109.388512,1505700
2018-08-29,109.989998,111.82,109.379997,111.660004,111.17067,1406500
2018-08-30,111.339996,111.339996,110.209999,110.660004,110.175049,887500
2018-08-31,110.370003,111.269997,109.849998,110.540001,110.055573,956900
2018-09-04,110.5,110.57,109.07,109.879997,109.39846000000001,924600
2018-09-05,109.339996,110.989998,108.760002,110.599998,110.115311,1633100
2018-09-06,110.949997,112.209999,110.529999,112.0,111.509171,1297300
2018-09-07,111.41999799999999,111.870003,110.57,111.510002,111.02132399999999,859500
2018-09-10,112.120003,112.529999,111.440002,112.089996,111.598778,984600
2018-09-11,111.650002,113.099998,111.339996,112.589996,112.09658799999998,1288600
2018-09-12,112.400002,112.57,111.519997,112.029999,111.53903999999999,1214700
2018-09-13,112.910004,113.790001,112.339996,112.949997,112.455009,1032600
2018-09-14,112.82,113.25,111.519997,112.16999799999999,111.67842900000001,1316100
2018-09-17,112.279999,113.410004,111.900002,112.989998,112.49483500000001,1414800
2018-09-18,113.480003,113.75,112.519997,113.269997,112.773605,998100
2018-09-19,113.660004,115.220001,113.279999,115.050003,114.54581499999999,1529700
2018-09-20,115.599998,116.5,115.209999,115.91999799999999,115.41199499999999,1259900
2018-09-21,116.510002,116.730003,115.559998,115.980003,115.471733,3487400
2018-09-24,113.0,114.0,110.25,112.690002,112.196152,2396500
2018-09-25,113.019997,113.139999,110.959999,111.540001,111.051193,1629000
2018-09-26,111.510002,112.160004,110.190002,110.389999,109.906227,1425300
2018-09-27,110.389999,110.389999,108.91999799999999,108.989998,108.51236000000002,1806900
2018-09-28,108.790001,109.160004,107.120003,109.129997,108.651749,2456700
2018-10-01,109.660004,110.33000200000001,109.33000200000001,109.75,109.269035,1337800
2018-10-02,109.879997,110.720001,109.849998,110.209999,109.72702,1314700
2018-10-03,110.650002,111.389999,108.589996,108.730003,108.25351,2440500
2018-10-04,108.199997,108.900002,107.43,108.459999,107.98468799999999,1294800
2018-10-05,108.370003,108.900002,107.68,108.019997,107.54661599999999,868200
2018-10-08,108.019997,109.760002,107.809998,109.58000200000001,109.09978500000001,1310200
2018-10-09,100.07,101.91999799999999,98.309998,98.559998,98.128075,10425700
2018-10-10,101.18,101.540001,97.589996,99.599998,99.163513,5162700
2018-10-11,99.300003,99.809998,96.110001,96.379997,95.957626,2762300
2018-10-12,97.239998,97.989998,94.400002,95.089996,94.67327900000001,2449300
2018-10-15,94.839996,96.66999799999999,94.370003,96.150002,95.728638,2355200
2018-10-16,96.620003,98.339996,95.970001,98.18,97.749741,1854200
2018-10-17,97.970001,98.559998,97.309998,98.120003,97.690002,2665300
2018-10-18,99.230003,100.620003,97.400002,98.989998,98.55619,3516100
2018-10-19,100.360001,101.82,99.769997,101.389999,100.94567099999999,3417100
2018-10-22,101.610001,101.83000200000001,99.82,101.660004,101.214493,3852000
2018-10-23,100.110001,101.120003,98.290001,100.629997,100.189003,3073900
2018-10-24,99.900002,100.58000200000001,97.540001,97.779999,97.35149399999999,2990900
2018-10-25,102.940002,104.129997,100.339996,103.709999,103.255501,4542200
2018-10-26,102.58000200000001,103.949997,101.07,102.83000200000001,102.379364,2826000
2018-10-29,105.050003,105.910004,101.410004,102.889999,102.439095,4258500
2018-10-30,102.980003,104.610001,102.120003,104.220001,103.76326800000001,3070700
2018-10-31,105.0,106.480003,104.239998,105.089996,104.629456,2595000
2018-11-01,105.089996,107.379997,105.089996,106.739998,106.272224,1476900
2018-11-02,106.870003,107.980003,105.610001,106.910004,106.441483,1315500
2018-11-05,106.849998,107.220001,105.949997,106.449997,105.98348999999999,1474800
2018-11-06,106.660004,107.43,106.279999,107.360001,106.88951100000001,934600
2018-11-07,108.0,109.57,106.610001,109.529999,109.049995,1299900
2018-11-08,108.519997,108.949997,105.720001,108.66999799999999,108.66999799999999,1028800
2018-11-09,108.199997,108.589996,106.360001,107.709999,107.709999,897300
2018-11-12,107.699997,107.91999799999999,105.230003,105.400002,105.400002,2173500
2018-11-13,105.639999,105.980003,104.0,104.309998,104.309998,3662100
2018-11-14,105.199997,106.68,104.68,105.349998,105.349998,1345300
2018-11-15,104.690002,107.730003,104.010002,107.08000200000001,107.08000200000001,1375300
2018-11-16,106.620003,108.019997,105.849998,107.16999799999999,107.16999799999999,2201200
2018-11-19,107.360001,108.709999,106.849998,107.699997,107.699997,1291200
2018-11-20,106.339996,106.68,104.860001,105.879997,105.879997,1940100
2018-11-21,106.599998,108.389999,106.339996,106.809998,106.809998,1099700
2018-11-23,106.07,108.08000200000001,105.989998,107.290001,107.290001,381900
2018-11-26,108.0,108.139999,106.83000200000001,107.339996,107.339996,1730600
2018-11-27,106.720001,107.290001,105.440002,105.800003,105.800003,944400
2018-11-28,106.050003,107.720001,104.510002,107.639999,107.639999,1277600
2018-11-29,108.279999,109.41999799999999,107.760002,108.470001,108.470001,2603700
2018-11-30,108.239998,109.989998,108.239998,109.33000200000001,109.33000200000001,1962000
2018-12-03,110.379997,111.41999799999999,109.32,110.559998,110.559998,1206500
2018-12-04,110.41999799999999,110.730003,106.540001,106.730003,106.730003,1457600
2018-12-06,105.440002,105.82,103.199997,105.790001,105.790001,1734200
2018-12-07,106.16999799999999,107.540001,102.599998,103.230003,103.230003,1185000
2018-12-10,103.129997,103.83000200000001,101.120003,103.459999,103.459999,1209000
2018-12-11,105.150002,105.75,102.599998,103.040001,103.040001,834600
2018-12-12,104.019997,104.800003,103.41999799999999,103.459999,103.459999,852800
2018-12-13,103.650002,104.150002,100.480003,100.900002,100.900002,1611500
2018-12-14,99.940002,100.83000200000001,97.58000200000001,100.139999,100.139999,2367800
2018-12-17,100.029999,100.489998,96.57,97.129997,97.129997,1487000
2018-12-18,97.800003,98.66999799999999,96.269997,96.699997,96.699997,1684800
2018-12-19,97.93,99.66999799999999,95.82,96.43,96.43,1686500
2018-12-20,97.480003,98.940002,96.050003,97.07,97.07,2327500
2018-12-21,97.360001,99.519997,96.279999,96.32,96.32,2350600
2018-12-24,96.040001,98.089996,95.349998,95.599998,95.599998,1100000
2018-12-26,95.839996,99.300003,94.410004,99.269997,99.269997,1310600
2018-12-27,98.290001,101.43,98.0,101.41999799999999,101.41999799999999,1430400
2018-12-28,101.690002,102.75,100.629997,101.230003,101.230003,1119500
