Date,Open,High,Low,Close,Adj Close,Volume
2014-07-31,23.0,24.0,22.6,23.0,21.885742,56483900
2014-08-01,22.9,23.0,22.67,23.0,21.885742,6458900
2014-08-04,23.1,23.129998999999998,22.9,23.0,21.885742,3455900
2014-08-05,22.99,23.01,22.67,23.0,21.885742,4450200
2014-08-06,22.799999,22.98,22.67,22.98,21.866713,6993400
2014-08-07,22.889999,23.0,22.799999,22.93,21.819134,3186900
2014-08-08,22.93,23.030001000000002,22.799999,22.950001,21.838167000000002,2855000
2014-08-11,22.9,22.93,22.799999,22.93,21.819134,1767500
2014-08-12,22.889999,23.0,22.83,23.0,21.885742,1549700
2014-08-13,23.0,23.23,22.879998999999998,23.18,22.057026,1659100
2014-08-14,23.200001,23.219998999999998,22.950001,23.01,21.895262,1391700
2014-08-15,23.02,23.08,23.0,23.0,21.885742,1948100
2014-08-18,23.059998999999998,23.17,23.02,23.17,22.047507999999997,1073700
2014-08-19,23.200001,24.434998999999998,23.200001,24.41,23.227435999999997,2851800
2014-08-20,24.299999,25.59,24.26,25.190001000000002,23.969648,3544500
2014-08-21,25.469998999999998,25.52,24.92,25.389999,24.159956,2358000
2014-08-22,25.25,25.43,25.1,25.360001,24.131414000000003,891600
2014-08-25,25.370001000000002,25.4,24.879998999999998,25.120001000000002,23.903044,1185400
2014-08-26,25.0,25.1,24.940001000000002,25.049999,23.836432000000002,951000
2014-08-27,25.0,25.540001,24.950001,25.469998999999998,24.236083999999998,1230600
2014-08-28,25.4,25.84,25.309998999999998,25.690001000000002,24.445423,981700
2014-08-29,25.809998999999998,25.940001000000002,25.450001,25.790001,24.540581,981200
2014-09-02,25.700001,25.9,25.52,25.790001,24.540581,1873200
2014-09-03,25.99,25.997,25.629998999999998,25.790001,24.540581,996500
2014-09-04,25.530001000000002,25.75,25.51,25.700001,24.454941,1117500
2014-09-05,25.700001,26.02,25.620001000000002,25.77,24.521551000000002,1089800
2014-09-08,25.82,25.98,24.620001000000002,24.84,23.636606,2534800
2014-09-09,25.299999,25.6,24.700001,25.040001,23.826914000000002,3608600
2014-09-10,25.190001000000002,25.305,24.690001000000002,24.700001,23.503387,1974600
2014-09-11,24.75,25.02,24.629998999999998,24.65,23.455809,2029100
2014-09-12,24.530001000000002,24.75,24.440001000000002,24.5,23.313076000000002,1106800
2014-09-15,24.35,24.379998999999998,23.92,24.15,22.980034,1125600
2014-09-16,24.24,24.360001,23.879998999999998,24.309998999999998,23.132282,1512100
2014-09-17,24.450001,24.690001000000002,24.360001,24.549999,23.360654999999998,940400
2014-09-18,24.57,24.84,24.559998999999998,24.67,23.474838000000002,879100
2014-09-19,24.85,25.49,24.709999,25.41,24.178988,5257900
2014-09-22,25.280001000000002,25.360001,24.75,24.84,23.636606,737000
2014-09-23,24.66,24.700001,24.18,24.58,23.3892,940000
2014-09-24,24.73,25.0,24.674999,24.92,23.71273,964600
2014-09-25,24.98,24.98,24.610001,24.629998999999998,23.436777,1350800
2014-09-26,24.610001,24.799999,24.34,24.77,23.569998000000002,1252800
2014-09-29,24.57,24.775,24.34,24.700001,23.503387,1482000
2014-09-30,24.870001000000002,25.120001000000002,24.209999,24.549999,23.360654999999998,8795100
2014-10-01,24.440001000000002,24.59,24.18,24.219998999999998,23.046642000000002,1196600
2014-10-02,24.35,24.690001000000002,23.76,24.58,23.3892,1253000
2014-10-03,24.780001000000002,25.09,24.41,24.83,23.627087,1737500
2014-10-06,24.860001,25.105,24.75,25.0,23.788854999999998,1057100
2014-10-07,24.940001000000002,24.966998999999998,24.549999,24.85,23.646122000000002,803600
2014-10-08,24.809998999999998,25.02,24.700001,25.02,23.807886,1074500
2014-10-09,25.02,25.059998999999998,24.43,24.549999,23.360654999999998,2536300
2014-10-10,24.5,24.719998999999998,24.139999,24.200001,23.027611,1561700
2014-10-13,24.26,24.77,24.200001,24.459999,23.275013,1726100
2014-10-14,24.629998999999998,24.950001,24.58,24.85,23.646122000000002,1036400
2014-10-15,24.74,24.969998999999998,24.030001000000002,24.52,23.332106,1529300
2014-10-16,24.200001,24.799999,24.129998999999998,24.6,23.408232,1889000
2014-10-17,24.719998999999998,25.1,24.65,24.780001000000002,23.579515,981700
2014-10-20,24.75,24.855,24.4,24.709999,23.512901,938300
2014-10-21,24.77,25.26,24.709999,25.17,23.950617,1699700
2014-10-22,25.25,25.450001,25.15,25.379998999999998,24.150444,1546100
2014-10-23,25.469998999999998,25.91,25.440001000000002,25.809998999999998,24.559611999999998,970100
2014-10-24,25.75,26.360001,25.75,26.110001,24.845083,1223100
2014-10-27,26.08,26.794001,26.02,26.530001000000002,25.244734,1011400
2014-10-28,26.73,27.103001000000003,26.603001000000003,26.85,25.549229,1002300
2014-10-29,26.809998999999998,27.08,26.67,27.0,25.691965,730100
2014-10-30,27.08,27.448,26.51,26.790001,25.492138,1038900
2014-10-31,27.049999,27.110001,26.85,27.02,25.710993,934600
2014-11-03,27.08,27.76,26.85,27.34,26.015486,983700
2014-11-04,27.299999,27.450001,26.25,27.01,25.701477,999300
2014-11-05,27.190001000000002,27.5,26.701,27.469998999999998,26.139191,587300
2014-11-06,27.51,27.77,27.27,27.58,26.243864000000002,993100
2014-11-07,27.719998999999998,28.17,27.25,28.15,26.786251,1165800
2014-11-10,28.23,28.870001000000002,28.0,28.77,27.376213,1474200
2014-11-11,28.799999,29.26,28.700001,29.110001,27.699740999999996,1643700
2014-11-12,29.0,29.16,28.641001,29.030001000000002,27.623619,1033700
2014-11-13,29.01,29.23,28.82,28.99,27.585556,1656800
2014-11-14,28.92,29.559998999999998,28.85,29.049999,27.642646999999997,1912000
2014-11-17,29.049999,29.25,28.83,29.129998999999998,27.718771000000004,1010300
2014-11-18,29.209999,29.43,28.785,28.950001,27.547489000000002,948900
2014-11-19,28.99,29.0,28.65,28.940001000000002,27.537978999999996,2141800
2014-11-20,28.959999,29.35,28.91,29.24,27.823444,1300600
2014-11-21,29.299999,29.4,29.01,29.17,27.756838000000002,1003900
2014-11-24,29.27,29.41,28.85,28.969998999999998,27.566521,1177500
2014-11-25,28.93,29.32,28.030001000000002,28.66,27.271544,5938500
2014-11-26,28.83,29.08,28.74,28.799999,27.404759999999996,1327400
2014-11-28,28.75,29.030001000000002,28.75,29.01,27.604588,425200
2014-12-01,29.0,29.129998999999998,28.73,28.879998999999998,27.480883000000002,1020800
2014-12-02,28.940001000000002,29.305,28.886999,29.049999,27.642646999999997,1091100
2014-12-03,29.120001000000002,29.139999,28.9,29.0,27.59507,730200
2014-12-04,29.01,29.34,28.91,29.15,27.737803000000003,829000
2014-12-05,29.280001000000002,29.290001,28.93,29.25,27.832958,818700
2014-12-08,29.290001,29.84,29.02,29.51,28.080359,1644100
2014-12-09,29.530001000000002,29.635,29.198,29.52,28.089878000000002,1085700
2014-12-10,29.549999,29.9,29.5,29.65,28.213577,760000
2014-12-11,29.67,30.0,29.431998999999998,29.52,28.089878000000002,1057900
2014-12-12,29.33,29.48,28.93,29.0,27.59507,1632500
2014-12-15,29.15,29.209999,28.16,28.629998999999998,27.242990000000002,1310500
2014-12-16,28.6,28.66,28.15,28.440001000000002,27.062199,2238500
2014-12-17,28.52,28.99,28.32,28.9,27.499914,1311900
2014-12-18,29.379998999999998,29.879998999999998,28.940001000000002,29.75,28.308737,1015700
2014-12-19,29.82,30.049999,29.790001,30.0,28.546625,1337500
2014-12-22,29.610001,29.969998999999998,29.504998999999998,29.85,28.403890999999998,770300
2014-12-23,30.040001,30.299999,29.719998999999998,30.0,28.546625,504100
2014-12-24,30.110001,30.17,29.969998999999998,30.110001,28.651295,78600
2014-12-26,30.17,30.620001000000002,30.066,30.5,29.022398,426500
2014-12-29,30.450001,30.639999,30.27,30.459999,28.984337,296100
2014-12-30,30.49,30.5,29.889999,30.0,28.546625,517800
2014-12-31,30.110001,30.129998999999998,29.68,29.75,28.308737,430000
2015-01-02,29.790001,29.799999,29.35,29.48,28.051815,580000
2015-01-05,29.379998999999998,29.620001000000002,28.68,29.25,27.832958,1593900
2015-01-06,29.4,29.43,28.450001,28.85,27.452334999999998,2198300
2015-01-07,29.52,29.68,28.91,29.200001,27.785379,1365100
2015-01-08,29.530001000000002,30.1,29.49,29.98,28.527596000000003,835000
2015-01-09,30.07,30.07,29.49,29.700001,28.261159999999997,477600
2015-01-12,29.76,29.799999,29.530001000000002,29.530001000000002,28.099396000000002,754700
2015-01-13,29.77,30.0,29.459999,29.709999,28.270671999999998,629700
2015-01-14,29.389999,29.6,29.07,29.15,27.737803000000003,866800
2015-01-15,29.190001000000002,29.25,27.92,28.52,27.138327,1093700
2015-01-16,28.34,29.049999,28.205999,28.99,27.585556,425200
2015-01-20,28.99,29.195,28.610001,29.1,27.690228,958200
2015-01-21,29.1,29.290001,28.969998999999998,29.18,27.766347999999997,863700
2015-01-22,29.219998999999998,29.5,28.43,29.049999,27.642646999999997,2514800
2015-01-23,30.0,32.0,29.0,30.969998999999998,29.469628999999998,3170800
2015-01-26,30.799999,31.459999,30.719998999999998,31.33,29.812193,3123200
2015-01-27,31.190001000000002,31.5,30.889999,31.32,29.802675,1401800
2015-01-28,31.76,31.76,31.1,31.25,29.736069,1038100
2015-01-29,31.219998999999998,31.49,31.0,31.23,29.717033,1383400
2015-01-30,31.110001,31.33,30.77,30.860001,29.364962,1255100
2015-02-02,30.84,31.190001000000002,30.690001000000002,31.16,29.650425,758800
2015-02-03,31.299999,31.5,30.959999,31.129998999999998,29.621878000000002,919900
2015-02-04,31.110001,31.379998999999998,30.98,31.25,29.736069,1276200
2015-02-05,31.27,32.080002,31.129998999999998,32.0,30.449732,1114100
2015-02-06,32.07,32.68,31.965,32.139998999999996,30.582946999999997,1115900
2015-02-09,32.119999,32.404999,32.009997999999996,32.400002,30.830353000000002,1118100
2015-02-10,32.619999,33.130001,32.369999,33.110001000000004,31.505959999999998,2354000
2015-02-11,33.25,33.610001000000004,33.009997999999996,33.549999,31.924640999999998,2110800
2015-02-12,33.740002000000004,33.959998999999996,33.529999,33.610001000000004,31.981733000000002,2334600
2015-02-13,33.389998999999996,33.57,32.619999,32.799999,31.210976000000002,1234700
2015-02-17,32.799999,32.810001,31.85,31.92,30.37361,1728000
2015-02-18,31.799999,32.200001,31.75,31.91,30.36409,1054500
2015-02-19,31.940001000000002,32.080002,31.790001,31.879998999999998,30.335542999999998,556200
2015-02-20,31.959999,32.77,31.674999,32.59,31.011148,2082300
2015-02-23,32.560001,32.710999,32.25,32.619999,31.039694,868700
2015-02-24,32.459998999999996,33.0,31.91,32.360001000000004,30.792294000000002,1028800
2015-02-25,32.330002,32.59,32.099998,32.290001000000004,30.725683,672500
2015-02-26,32.529999,32.709998999999996,32.360001000000004,32.450001,30.877932,356800
2015-02-27,32.369999,32.549999,31.93,31.950001,30.402157,553100
2015-03-02,31.950001,32.040001000000004,31.221001,31.959999,30.411669,785700
2015-03-03,32.16,32.25,31.85,32.139998999999996,30.582946999999997,484600
2015-03-04,32.049999,32.049999,31.82,31.889999,30.345058,437100
2015-03-05,31.98,32.470001,31.780001000000002,31.959999,30.411669,486000
2015-03-06,31.940001000000002,32.0,31.190001000000002,31.200001,29.688488,694100
2015-03-09,31.34,32.154999,31.25,31.98,30.4307,776300
2015-03-10,31.799999,31.93,31.084999,31.1,29.593335999999997,912300
2015-03-11,31.25,31.719998999999998,31.110001,31.549999,30.02153,588900
2015-03-12,31.780001000000002,32.02,31.559998999999998,31.889999,30.345058,503200
2015-03-13,31.870001000000002,31.940001000000002,31.26,31.82,30.278452,889900
2015-03-16,32.0,32.0,31.790001,31.950001,30.402157,628200
2015-03-17,31.68,32.439999,31.58,32.23,30.668590999999996,818500
2015-03-18,32.209998999999996,32.209998999999996,31.629998999999998,31.92,30.37361,630600
2015-03-19,31.92,32.400002,31.84,32.369999,30.801804999999998,657000
2015-03-20,32.5,32.884997999999996,32.209998999999996,32.25,30.687621999999998,1497200
2015-03-23,32.189999,32.529999,31.77,31.780001000000002,30.240387,653900
2015-03-24,31.780001000000002,31.92,31.5,31.65,30.116685999999998,723600
2015-03-25,31.379998999999998,31.51,30.83,30.92,29.422054,1175400
2015-03-26,31.01,31.030001000000002,30.370001000000002,30.610001,29.127075,887900
2015-03-27,30.74,30.74,29.93,30.059998999999998,28.603718,960600
2015-03-30,30.16,30.41,30.059998999999998,30.290001,28.822578000000004,577200
2015-03-31,30.24,30.49,29.969998999999998,30.35,28.879671000000002,1384200
2015-04-01,30.129998999999998,30.690001000000002,29.91,30.41,28.936759999999996,1138700
2015-04-02,30.4,30.709999,30.24,30.610001,29.127075,841400
2015-04-06,30.5,30.83,29.690001000000002,29.84,28.394375,1070800
2015-04-07,30.129998999999998,30.719998999999998,29.5,29.76,28.318253000000002,1467400
2015-04-08,29.799999,30.15,29.728001000000003,29.969998999999998,28.518076,734300
2015-04-09,30.02,30.35,29.9,30.139999,28.679840000000002,839500
2015-04-10,30.24,30.75,30.15,30.59,29.108041999999998,1287800
2015-04-13,30.51,30.805,30.4,30.639999,29.155619,1199500
2015-04-14,30.67,30.84,30.51,30.52,29.041433,806500
2015-04-15,30.51,30.809998999999998,30.48,30.68,29.193682,389900
2015-04-16,30.700001,30.940001000000002,30.299999,30.77,29.279321999999997,1208000
2015-04-17,31.0,31.0,30.219998999999998,30.52,29.041433,1361200
2015-04-20,31.1,31.280001000000002,30.6,30.9,29.403019,2179500
2015-04-21,30.98,31.35,30.9,31.200001,29.688488,1879800
2015-04-22,31.799999,32.040001000000004,31.02,31.040001,29.536243,2040200
2015-04-23,31.52,31.549999,30.83,30.959999,29.460115000000002,1391300
2015-04-24,30.93,31.120001000000002,30.629998999999998,30.82,29.326898999999997,661700
2015-04-27,30.83,31.01,30.559998999999998,30.620001000000002,29.136587,625500
2015-04-28,30.809998999999998,30.879998999999998,30.5,30.66,29.174646000000003,567400
2015-04-29,30.57,31.059998999999998,30.27,30.74,29.250778000000004,1600200
2015-04-30,30.709999,31.4,30.639999,31.15,29.640909000000004,1228600
2015-05-01,31.389999,31.549999,31.245001000000002,31.52,29.992984999999997,594800
2015-05-04,31.549999,31.719998999999998,31.450001,31.709999,30.173782,610000
2015-05-05,31.9,32.25,31.74,31.940001000000002,30.392640999999998,1271600
2015-05-06,32.169998,32.23,31.780001000000002,32.09,30.535373999999997,943300
2015-05-07,32.060001,32.66,31.809998999999998,32.650002,31.068245,1095500
2015-05-08,32.73,33.209998999999996,32.639998999999996,33.200001,31.591596999999997,935900
2015-05-11,33.169998,33.310001,32.785,32.889998999999996,31.296615999999997,549200
2015-05-12,32.34,33.34,32.040001000000004,33.119999,31.515469,2022500
2015-05-13,33.119999,33.419998,32.740002000000004,32.900002,31.306137,1075800
2015-05-14,32.98,33.130001,32.369999,32.77,31.18243,1449000
2015-05-15,32.860001000000004,32.904999,31.764999,31.809998999999998,30.268938000000002,1300100
2015-05-18,31.82,31.870001000000002,31.5,31.84,30.297484999999998,796500
2015-05-19,31.84,32.060001,31.799999,32.060001,30.506828000000002,743100
2015-05-20,32.189999,32.759997999999996,31.986,32.650002,31.068245,634500
2015-05-21,32.59,32.779999,32.389998999999996,32.470001,30.896959000000003,430400
2015-05-22,32.41,32.700001,32.169998,32.5,30.925508,360600
2015-05-26,32.459998999999996,32.5,31.870001000000002,32.119999,30.563915,565500
2015-05-27,32.130001,32.599998,32.099998,32.459998999999996,30.887449,346100
2015-05-28,32.330002,32.66,32.25,32.529999,30.954058000000003,355800
2015-05-29,32.560001,32.59,32.125,32.290001000000004,30.725683,821900
2015-06-01,32.360001000000004,32.619999,31.9,32.41,30.839869,483000
2015-06-02,32.279999,32.77,32.259997999999996,32.650002,31.068245,466700
2015-06-03,32.689999,33.619999,32.509997999999996,33.18,31.572559000000002,1834900
2015-06-04,33.040001000000004,33.110001000000004,32.674999,32.75,31.163396999999996,793000
2015-06-05,32.849998,32.889998999999996,32.509997999999996,32.799999,31.210976000000002,319000
2015-06-08,32.790001000000004,32.799999,32.584998999999996,32.650002,31.068245,482200
2015-06-09,32.619999,32.919998,32.5,32.860001000000004,31.26807,699900
2015-06-10,32.970001,33.34,32.82,33.299999,31.686752000000002,731200
2015-06-11,33.290001000000004,33.880001,33.16,33.220001,31.61063,1152200
2015-06-12,33.169998,33.400002,32.860001000000004,33.119999,31.515469,489000
2015-06-15,32.919998,33.139998999999996,32.529999,32.970001,31.372742,1670500
2015-06-16,33.0,33.16,32.445,32.5,30.925508,632000
2015-06-17,32.599998,32.990002000000004,32.439999,32.75,31.163396999999996,497600
2015-06-18,32.799999,33.139998999999996,32.689999,32.82,31.230007,590500
2015-06-19,32.91,32.970001,32.689999,32.919998,31.325159000000003,492100
2015-06-22,33.029999,33.25,32.77,32.91,31.315647,459000
2015-06-23,32.990002000000004,33.279999,32.91,32.990002000000004,31.391771000000002,664600
2015-06-24,32.990002000000004,33.205002,32.709998999999996,32.759997999999996,31.172913,521700
2015-06-25,32.860001000000004,32.860001000000004,32.43,32.810001,31.220495,705700
2015-06-26,32.880001,33.16,32.5,32.700001,31.115816,2129400
2015-06-29,32.419998,32.560001,32.169998,32.23,30.668590999999996,738700
2015-06-30,32.560001,33.044998,32.374001,32.93,31.334681,911600
2015-07-01,33.099998,33.330002,32.830002,33.32,31.705778000000002,570100
2015-07-02,33.369999,33.380001,32.950001,33.139998999999996,31.534504,490000
2015-07-06,32.91,32.91,32.32,32.5,30.925508,1133400
2015-07-07,32.610001000000004,32.790001000000004,32.169998,32.5,30.925508,1575200
2015-07-08,32.439999,32.459998999999996,31.945,32.009997999999996,30.459244,621500
2015-07-09,32.560001,32.970001,32.380001,32.599998,31.020664,811700
2015-07-10,32.900002,33.380001,32.720001,33.07,31.467896000000003,727200
2015-07-13,33.330002,33.5,32.939999,33.349998,31.734323999999997,1054600
2015-07-14,33.380001,33.93,33.25,33.77,32.133984000000005,999800
2015-07-15,33.900002,34.365002000000004,33.630001,34.139998999999996,32.486057,831000
2015-07-16,34.259997999999996,34.459998999999996,34.07,34.130001,32.476551,636200
2015-07-17,34.5,35.73,34.189999,35.080002,33.380520000000004,1234000
2015-07-20,35.299999,36.209998999999996,35.299999,35.990002000000004,34.246433,1192800
2015-07-21,36.02,36.400002,35.566002000000005,35.610001000000004,33.884846,822100
2015-07-22,35.580002,35.880001,35.07,35.68,33.951446999999995,784600
2015-07-23,35.84,36.07,35.43,35.630001,33.903877,507300
2015-07-24,35.529999,35.669998,34.630001,34.68,32.999897,831300
2015-07-27,34.619999,34.900002,34.27,34.619999,32.942802,487500
2015-07-28,34.75,34.889998999999996,33.98,34.23,32.571697,1762100
2015-07-29,34.27,34.709998999999996,34.195999,34.48,32.809585999999996,1141700
2015-07-30,34.580002,34.810001,34.200001,34.599998,32.923771,989100
2015-07-31,34.610001000000004,34.759997999999996,34.349998,34.360001000000004,32.6954,941800
2015-08-03,34.43,34.540001000000004,34.16,34.360001000000004,32.6954,569100
2015-08-04,34.369999,34.799999,34.299999,34.41,32.742977,1227500
2015-08-05,34.599998,34.779999,34.25,34.560001,32.885712,919700
2015-08-06,34.779999,34.82,34.029999,34.130001,32.476551,631600
2015-08-07,34.060001,34.209998999999996,33.435001,33.98,32.333805,646500
2015-08-10,34.119999,34.639998999999996,34.029999,34.619999,32.942802,504500
2015-08-11,34.59,34.68,34.119999,34.669998,32.990387,942900
2015-08-12,34.669998,35.0,34.259997999999996,34.959998999999996,33.266327000000004,1265500
2015-08-13,34.959998999999996,35.349998,34.720001,35.16,33.456641999999995,796800
2015-08-14,35.5,35.5,34.790001000000004,35.139998999999996,33.437611,529500
2015-08-17,34.860001000000004,35.349998,34.5,35.32,33.608894,505700
2015-08-18,35.27,35.459998999999996,34.98,35.139998999999996,33.437611,567200
2015-08-19,34.880001,35.27,34.43,34.959998999999996,33.266327000000004,669100
2015-08-20,34.619999,34.685001,34.16,34.360001000000004,32.6954,1342300
2015-08-21,33.900002,34.18,33.605,33.720001,32.086407,2185400
2015-08-24,32.220001,33.66,30.27,33.150002,31.544017999999998,3017000
2015-08-25,33.73,33.970001,32.610001000000004,32.990002000000004,31.391771000000002,2338100
2015-08-26,33.450001,33.450001,32.23,32.669998,31.087271,2290500
2015-08-27,32.990002000000004,32.990002000000004,31.82,32.330002,30.763746,2728200
2015-08-28,32.110001000000004,32.77,31.92,32.650002,31.068245,1804000
2015-08-31,32.759997999999996,33.259997999999996,32.470001,32.950001,31.353711999999998,1534700
2015-09-01,32.540001000000004,32.700001,31.59,31.709999,30.173782,2032900
2015-09-02,31.889999,32.251999,31.33,31.790001,30.249905,1138200
2015-09-03,32.09,32.348999,31.848,32.189999,30.630527,920300
2015-09-04,31.73,32.099998,31.34,31.6,30.069113,1590400
2015-09-08,32.009997999999996,32.380001,31.82,32.279999,30.716165999999998,1969600
2015-09-09,32.59,32.830002,32.029999,32.130001,30.573434999999996,3837200
2015-09-10,31.68,32.240002000000004,31.370001000000002,32.09,30.535373999999997,2324200
2015-09-11,31.98,32.16,30.9,31.33,29.812193,2728300
2015-09-14,31.25,31.629998999999998,30.82,31.17,29.659940999999996,3086700
2015-09-15,31.09,31.280001000000002,30.790001,31.120001000000002,29.612365999999998,2336400
2015-09-16,30.77,31.084999,30.33,30.879998999999998,29.383995000000002,2265400
2015-09-17,30.809998999999998,31.33,30.67,30.77,29.279321999999997,1058900
2015-09-18,30.51,30.700001,30.120001000000002,30.559998999999998,29.079493,2032200
2015-09-21,30.559998999999998,31.0,30.25,30.870001000000002,29.374477000000002,1573300
2015-09-22,30.719998999999998,30.82,30.200001,30.58,29.098523999999998,1376900
2015-09-23,30.66,31.08,30.49,31.059998999999998,29.555269,996300
2015-09-24,30.700001,31.110001,30.540001,30.83,29.336412,1002700
2015-09-25,31.059998999999998,31.200001,30.860001,31.030001000000002,29.526723999999998,552800
2015-09-28,31.0,31.34,30.42,31.16,29.650425,1128800
2015-09-29,31.07,31.299999,30.790001,31.040001,29.536243,890900
2015-09-30,31.370001000000002,31.73,30.93,31.299999,29.783644,2178400
2015-10-01,31.309998999999998,31.58,31.120001000000002,31.379998999999998,29.859768,858800
2015-10-02,31.23,31.92,30.969998999999998,31.82,30.278452,1125400
2015-10-05,31.879998999999998,33.349998,31.73,33.310001,31.696268,1210200
2015-10-06,33.869999,33.869999,32.529999,32.799999,31.210976000000002,1247700
2015-10-07,33.0,33.099998,31.790001,32.130001,30.573434999999996,1733800
2015-10-08,32.119999,32.59,31.780001000000002,32.360001000000004,30.792294000000002,763600
2015-10-09,32.310001,33.0,32.299999,32.389998999999996,30.820839000000003,339200
2015-10-12,32.27,32.689999,32.119999,32.34,30.773259999999997,376000
2015-10-13,32.189999,32.365002000000004,31.82,31.82,30.278452,1163500
2015-10-14,31.76,31.82,31.450001,31.530001000000002,30.002502000000003,1311900
2015-10-15,31.190001000000002,32.130001,30.51,31.32,29.802675,9633600
2015-10-16,31.370001000000002,31.370001000000002,29.75,30.15,28.689352000000003,11814800
2015-10-19,30.049999,31.465,28.91,31.34,29.821709000000002,18520900
2015-10-20,31.76,32.900002,31.34,32.34,30.773259999999997,11089000
2015-10-21,32.400002,32.900002,32.02,32.459998999999996,30.887449,7452600
2015-10-22,32.700001,32.812,31.290001,31.83,30.287968,6705900
2015-10-23,32.029999,32.5,31.495001000000002,31.690001000000002,30.154754999999998,7348400
2015-10-26,31.83,31.870001000000002,30.84,31.4,29.878799,7209500
2015-10-27,31.23,31.76,31.040001,31.73,30.192808000000003,7722400
2015-10-28,31.719998999999998,31.91,31.15,31.450001,29.926376,7079900
2015-10-29,31.18,31.4,30.674999,30.92,29.422054,8120700
2015-10-30,30.940001000000002,31.0,30.66,30.76,29.269803999999997,8618300
2015-11-02,30.559998999999998,31.41,30.559998999999998,31.33,29.812193,5771600
2015-11-03,31.1,32.580002,31.1,32.439999,30.868418,16475700
2015-11-04,32.240002000000004,33.169998,31.809998999999998,32.080002,30.525856,12605700
2015-11-05,32.0,32.710999,31.639999,32.610001000000004,31.030174,10719300
2015-11-06,32.990002000000004,34.599998,32.810001,33.98,32.333805,15380600
2015-11-09,33.919998,34.189999,32.150002,32.52,30.944538,18958300
2015-11-10,31.799999,31.98,30.93,31.08,29.574299,38506400
2015-11-11,31.110001,31.23,30.65,30.93,29.43157,42150400
2015-11-12,30.85,31.74,30.65,30.790001,29.298348999999998,41436500
2015-11-13,30.75,31.49,30.440001000000002,30.52,29.041433,31691300
2015-11-16,30.23,30.389999,29.92,30.290001,28.822578000000004,25446400
2015-11-17,30.389999,31.360001,30.299999,30.58,29.098523999999998,128981900
2015-11-18,30.91,31.75,30.700001,31.59,30.059593,28032000
2015-11-19,31.610001,32.029999,31.02,31.65,30.116685999999998,29435000
2015-11-20,31.889999,31.889999,31.15,31.35,29.831222999999998,19894000
2015-11-23,31.879998999999998,32.25,31.33,31.549999,30.02153,26616000
2015-11-24,31.209999,31.950001,31.190001000000002,31.34,29.821709000000002,47529200
2015-11-25,31.459999,31.870001000000002,31.25,31.530001000000002,30.002502000000003,15495500
2015-11-27,31.700001,31.84,31.299999,31.35,29.831222999999998,8373700
2015-11-30,31.57,31.940001000000002,31.43,31.83,30.287968,20246500
2015-12-01,32.119999,32.439999,31.860001,32.41,30.839869,11681600
2015-12-02,32.599998,32.599998,31.75,31.84,30.297484999999998,8992400
2015-12-03,31.889999,32.049999,30.889999,31.09,29.583817,20610900
2015-12-04,31.24,32.029999,31.110001,32.029999,30.478281,15782100
2015-12-07,31.950001,32.099998,31.120001000000002,31.35,29.831222999999998,11885500
2015-12-08,31.18,31.405001000000002,30.764999,31.360001,29.840736,15178000
2015-12-09,31.34,31.584999,30.360001,30.610001,29.127075,16063100
2015-12-10,30.719998999999998,31.309998999999998,30.66,31.049999,29.545757000000002,9437100
2015-12-11,30.67,30.780001000000002,29.815001000000002,29.969998999999998,28.518076,10431600
2015-12-14,30.139999,30.355,29.32,29.68,28.242128000000005,15732000
2015-12-15,30.0,30.245001000000002,29.719998999999998,30.08,28.622746999999997,9655600
2015-12-16,30.4,30.68,29.940001000000002,30.530001000000002,29.050946999999997,8651500
2015-12-17,30.639999,30.75,30.0,30.01,28.556137,8002800
2015-12-18,29.879998999999998,30.0,29.35,29.51,28.080359,15187400
2015-12-21,29.66,30.059998999999998,29.549999,29.73,28.289707,5809900
2015-12-22,29.99,30.34,29.76,30.209999,28.746449,6516100
2015-12-23,30.4,30.559998999999998,29.940001000000002,30.51,29.031919,4824400
2015-12-24,30.48,30.723,30.309998999999998,30.6,29.117556,1499000
2015-12-28,30.42,30.49,30.1,30.17,28.708389,3809000
2015-12-29,30.459999,30.709999,30.334999,30.690001000000002,29.203196999999996,3436900
2015-12-30,30.68,30.700001,30.43,30.43,28.955790999999998,2640800
2015-12-31,30.209999,30.629998999999998,30.1,30.41,28.936759999999996,3804900
2016-01-04,29.98,30.01,29.379998999999998,29.940001000000002,28.489528999999997,8771100
2016-01-05,29.85,30.280001000000002,29.450001,30.110001,28.651295,7438000
2016-01-06,29.83,30.030001000000002,29.48,29.9,28.451465999999996,9158200
2016-01-07,29.469998999999998,29.83,29.0,29.120001000000002,27.709259000000003,11194100
2016-01-08,29.360001,29.525,28.780001000000002,28.84,27.442821999999996,10400000
2016-01-11,29.0,29.030001000000002,28.299999,28.700001,27.309603000000003,11651900
2016-01-12,29.059998999999998,29.190001000000002,28.5,28.9,27.499914,8363300
2016-01-13,29.82,29.879998999999998,27.52,27.57,26.234346000000002,15222300
2016-01-14,27.6,28.280001000000002,26.280001000000002,28.18,26.814798,20004800
2016-01-15,27.440001000000002,27.719998999999998,26.99,27.639999,26.300955,14396200
2016-01-19,27.799999,28.155001000000002,27.559998999999998,28.030001000000002,26.672064000000002,9772000
2016-01-20,27.34,27.91,26.82,27.620001000000002,26.281925,9686700
2016-01-21,27.620001000000002,28.25,27.299999,27.73,26.386597,9065900
2016-01-22,29.299999,29.440001000000002,28.75,29.059998999999998,27.652163,16868400
2016-01-25,29.08,29.25,28.389999,28.48,27.100264000000003,9094400
2016-01-26,28.51,28.92,28.32,28.66,27.271544,7500700
2016-01-27,28.549999,29.02,28.280001000000002,28.440001000000002,27.062199,8640000
2016-01-28,28.5,28.85,27.59,27.99,26.633999,12522100
2016-01-29,28.129998999999998,28.43,27.290001,28.42,27.043169,15306500
2016-02-01,28.43,28.6,27.93,28.469998999999998,27.090747999999998,6804500
2016-02-02,28.23,28.290001,26.969998999999998,27.01,25.701477,15173400
2016-02-03,27.040001,27.290001,25.34,26.34,25.063935999999998,24158300
2016-02-04,26.26,26.559998999999998,26.0,26.309998999999998,25.035387,16837300
2016-02-05,26.34,26.540001,25.0,25.23,24.00771,15336200
2016-02-08,24.98,25.09,24.094998999999998,24.48,23.294045999999998,16427000
2016-02-09,24.280001000000002,25.32,24.08,25.08,23.864977,13278100
2016-02-10,25.190001000000002,25.85,24.959999,25.01,23.798370000000002,7275500
2016-02-11,24.290001,24.85,23.74,24.5,23.313076000000002,12026000
2016-02-12,24.9,25.379998999999998,24.799999,25.370001000000002,24.140932,6712000
2016-02-16,25.75,26.209999,25.469998999999998,26.139999,24.873625,9707100
2016-02-17,26.389999,26.91,26.15,26.27,24.997326,10161400
2016-02-18,26.23,26.73,26.045,26.620001000000002,25.330372,8378400
2016-02-19,26.5,26.959999,26.27,26.77,25.473106,7630600
2016-02-22,26.77,28.0,26.77,27.709999,26.367565000000003,10824900
2016-02-23,27.709999,27.77,27.049999,27.51,26.177258,11508900
2016-02-24,27.17,27.77,26.68,27.73,26.386597,8471500
2016-02-25,27.700001,27.889999,27.405001000000002,27.780001000000002,26.434175,6595900
2016-02-26,27.959999,28.235001,27.35,27.93,26.576906,8585900
2016-02-29,27.85,27.931998999999998,26.9,26.950001,25.644385999999997,10730000
2016-03-01,27.25,27.530001000000002,26.780001000000002,27.530001000000002,26.196285,11207200
2016-03-02,27.700001,28.370001000000002,27.6,28.25,26.881403000000002,10265600
2016-03-03,28.26,28.67,28.025,28.559998999999998,27.176384000000002,8978800
2016-03-04,28.74,28.99,28.370001000000002,28.6,27.214446999999996,6100900
2016-03-07,28.440001000000002,28.565001000000002,27.909,28.52,27.138327,6311600
2016-03-08,28.290001,28.43,27.639999,27.700001,26.358051,6172900
2016-03-09,27.84,28.059998999999998,27.540001,27.68,26.339015999999997,6986500
2016-03-10,27.799999,28.219998999999998,27.299999,27.809998999999998,26.462721000000002,6059300
2016-03-11,28.139999,28.85,28.055,28.82,27.423790000000004,8137100
2016-03-14,28.629998999999998,28.75,28.225,28.450001,27.071714,3516300
2016-03-15,28.16,28.225,27.57,27.68,26.339015999999997,7092500
2016-03-16,27.65,27.825001,27.41,27.620001000000002,26.281925,9234000
2016-03-17,27.620001000000002,28.25,27.209999,28.1,26.738671999999998,8940500
2016-03-18,28.27,28.639999,28.15,28.459999,27.081229999999998,10736400
2016-03-21,28.4,28.9,28.33,28.790001,27.395243,6588800
2016-03-22,28.49,28.639999,28.25,28.610001,27.223965000000003,5258700
2016-03-23,28.58,28.75,28.254998999999998,28.42,27.043169,4987700
2016-03-24,28.200001,28.549999,28.066999,28.450001,27.071714,4163800
2016-03-28,28.51,28.531,28.209999,28.379998999999998,27.005106,3162900
2016-03-29,28.26,28.43,27.9,28.4,27.024139,5980600
2016-03-30,28.540001,28.745001000000002,28.25,28.379998999999998,27.005106,4875900
2016-03-31,28.379998999999998,28.76,28.08,28.66,27.271544,5304900
2016-04-01,28.620001000000002,29.5,28.51,29.33,27.909082,8118500
2016-04-04,29.24,29.360001,28.860001,28.969998999999998,27.566521,3868200
2016-04-05,28.610001,28.790001,28.4,28.610001,27.223965000000003,5062000
2016-04-06,28.49,28.700001,28.120001000000002,28.65,27.262026000000002,4227800
2016-04-07,28.42,28.51,27.799999,27.969998999999998,26.614969,6413400
2016-04-08,27.9,28.42,27.76,28.02,26.662547999999997,6296500
2016-04-11,28.059998999999998,28.41,27.860001,27.870001000000002,26.519815,5655800
2016-04-12,27.969998999999998,28.26,27.85,28.16,26.795761,6137100
2016-04-13,28.379998999999998,28.940001000000002,28.290001,28.92,27.518942,7194700
2016-04-14,28.799999,29.26,28.799999,29.08,27.671194,4526600
2016-04-15,29.290001,29.4,28.780001000000002,28.940001000000002,27.537978999999996,3216300
2016-04-18,28.809998999999998,29.18,28.76,29.129998999999998,27.718771000000004,2618500
2016-04-19,29.200001,29.870001000000002,29.17,29.82,28.375345000000003,7751600
2016-04-20,29.940001000000002,30.76,29.940001000000002,30.67,29.184168,11727100
2016-04-21,30.58,30.74,30.280001000000002,30.42,28.946279999999998,6627600
2016-04-22,30.030001000000002,31.190001000000002,30.030001000000002,30.5,29.022398,9138500
2016-04-25,30.469998999999998,30.889999,30.190001000000002,30.440001000000002,28.965307,5870200
2016-04-26,30.59,31.200001,30.450001,31.16,29.650425,7473100
2016-04-27,31.139999,31.139999,30.57,30.879998999999998,29.383995000000002,7985000
2016-04-28,30.620001000000002,31.23,30.5,30.969998999999998,29.469628999999998,5919300
2016-04-29,30.780001000000002,31.0,30.285,30.57,29.089008000000003,4897800
2016-05-02,30.780001000000002,31.450001,30.690001000000002,31.33,29.812193,6897400
2016-05-03,30.99,31.18,30.629998999999998,31.08,29.574299,5487300
2016-05-04,30.76,30.860001,30.129998999999998,30.24,28.774997999999997,6927400
2016-05-05,30.280001000000002,30.43,29.790001,29.83,28.384859000000002,5835800
2016-05-06,29.66,30.115,29.5,30.08,28.622746999999997,6064900
2016-05-09,30.129998999999998,30.334999,29.879998999999998,29.959999,28.508562,2890900
2016-05-10,30.07,30.700001,30.040001,30.559998999999998,29.079493,3707600
2016-05-11,30.360001,30.459999,29.9,29.93,28.480017,7770200
2016-05-12,30.209999,30.23,29.32,29.42,27.994721999999996,9348800
2016-05-13,29.290001,29.65,28.950001,29.040001,27.633133,6895200
2016-05-16,29.040001,29.32,28.91,28.940001000000002,27.537978999999996,7667200
2016-05-17,28.790001,29.698999,28.73,29.27,27.851986,6261900
2016-05-18,29.27,30.125,29.209999,30.110001,28.651295,7386000
2016-05-19,29.860001,30.25,29.58,29.940001000000002,28.489528999999997,6118500
2016-05-20,30.040001,30.370001000000002,29.74,29.879998999999998,28.432434000000004,4904800
2016-05-23,29.780001000000002,30.030001000000002,29.469998999999998,29.83,28.384859000000002,3354900
2016-05-24,30.0,30.440001000000002,29.969998999999998,30.299999,28.83209,4699200
2016-05-25,30.43,30.975,30.4,30.66,29.174646000000003,6028900
2016-05-26,30.639999,30.98,30.4,30.889999,29.393504999999998,5610800
2016-05-27,31.0,31.24,30.766001,31.16,29.650425,5267800
2016-05-31,31.379998999999998,31.379998999999998,31.02,31.200001,29.688488,5877600
2016-06-01,31.15,31.33,30.76,31.290001,29.774128,3105600
2016-06-02,31.25,31.290001,30.885,31.280001000000002,29.764615999999997,6280100
2016-06-03,30.92,31.190001000000002,30.25,30.719998999999998,29.231742999999998,5753400
2016-06-06,30.73,31.09,30.700001,31.030001000000002,29.526723999999998,6480600
2016-06-07,31.110001,31.84,30.73,31.610001,30.078627,10576600
2016-06-08,31.59,31.969998999999998,31.59,31.950001,30.402157,7481400
2016-06-09,31.719998999999998,31.719998999999998,31.200001,31.41,29.888313,5764600
2016-06-10,31.09,31.15,30.629998999999998,30.799999,29.307866999999998,5913200
2016-06-13,30.66,30.889999,30.4,30.440001000000002,28.965307,5938200
2016-06-14,29.26,29.26,25.450001,26.450001,25.168606,66008700
2016-06-15,26.49,27.17,25.93,26.5,25.216185,26797600
2016-06-16,26.24,26.280001000000002,25.6,26.0,24.740408,21833200
2016-06-17,25.969998999999998,26.01,25.58,25.77,24.521551000000002,18246400
2016-06-20,26.02,26.030001000000002,25.32,25.549999,24.312206,18357500
2016-06-21,25.68,26.25,25.5,25.85,24.597673,12099400
2016-06-22,25.809998999999998,26.23,25.465,25.5,24.264631,14686600
2016-06-23,25.780001000000002,26.040001,25.5,26.0,24.740408,10441200
2016-06-24,24.950001,25.469998999999998,24.549999,24.639999,23.446291,16053500
2016-06-27,24.299999,24.32,23.25,23.360001,22.228304,14954600
2016-06-28,23.709999,24.049999,23.6,23.93,22.770691,12055200
2016-06-29,24.17,24.84,24.07,24.83,23.627087,8153600
2016-06-30,24.98,25.280001000000002,24.450001,25.280001000000002,24.05529,10654600
2016-07-01,25.24,25.469998999999998,25.09,25.35,24.121901,6368800
2016-07-05,25.379998999999998,25.395,25.01,25.120001000000002,23.903044,7663900
2016-07-06,24.85,25.459999,24.83,25.309998999999998,24.083834,6206600
2016-07-07,25.35,26.08,25.309998999999998,26.02,24.759439,14370600
2016-07-08,27.290001,27.48,27.0,27.309998999999998,25.98694,12653100
2016-07-11,27.5,27.780001000000002,27.355,27.67,26.329502,6781600
2016-07-12,28.0,28.15,27.825001,27.92,26.567390000000003,7635200
2016-07-13,27.950001,28.18,27.629998999999998,28.120001000000002,26.757702000000002,5206400
2016-07-14,28.59,28.66,28.09,28.299999,26.92898,5896100
2016-07-15,28.32,28.32,27.83,28.120001000000002,26.757702000000002,7254200
2016-07-18,28.5,28.700001,28.08,28.290001,26.91947,5102600
2016-07-19,28.25,28.415001,28.1,28.25,26.881403000000002,5232100
2016-07-20,28.49,28.58,28.0,28.139999,26.776730999999998,8941800
2016-07-21,28.059998999999998,28.469998999999998,27.57,28.26,26.890916999999998,7627400
2016-07-22,28.610001,28.889999,27.950001,28.4,27.024139,11844000
2016-07-25,28.309998999999998,28.389999,27.959999,28.09,26.729155,7300000
2016-07-26,28.129998999999998,28.5,28.0,28.110001,26.74819,7762300
2016-07-27,27.98,28.23,27.865,28.139999,26.776730999999998,5204900
2016-07-28,28.049999,28.190001000000002,27.875,27.91,26.557875,7416700
2016-07-29,27.870001000000002,28.09,27.75,27.879998999999998,26.529327000000002,8307500
2016-08-01,27.9,28.27,27.879998999999998,27.91,26.557875,7053400
2016-08-02,27.879998999999998,28.059998999999998,27.32,27.35,26.025005,8237400
2016-08-03,27.379998999999998,28.040001,27.34,27.870001000000002,26.519815,6342500
2016-08-04,27.9,28.08,27.75,27.92,26.567390000000003,4166800
2016-08-05,28.290001,28.43,28.145,28.219998999999998,26.852858,5337600
2016-08-08,28.33,28.440001000000002,27.985001,28.040001,26.681578000000002,3884200
2016-08-09,28.049999,28.09,27.790001,27.879998999999998,26.529327000000002,7132600
2016-08-10,27.809998999999998,27.91,27.459999,27.65,26.433727,6786400
2016-08-11,27.700001,27.870001000000002,27.530001000000002,27.610001,26.395487,5070700
2016-08-12,27.450001,27.879998999999998,27.280001000000002,27.68,26.462408,6822900
2016-08-15,27.860001,27.969998999999998,27.705,27.74,26.519768,4782100
2016-08-16,27.639999,27.780001000000002,27.299999,27.299999,26.099123000000002,5086400
2016-08-17,27.309998999999998,27.469998999999998,27.225,27.379998999999998,26.175604,5611000
2016-08-18,27.389999,27.4,27.16,27.290001,26.089563000000002,5091300
2016-08-19,27.17,27.49,27.1,27.379998999999998,26.175604,4949300
2016-08-22,27.370001000000002,27.379998999999998,27.129998999999998,27.27,26.070444000000002,3294400
2016-08-23,27.43,27.5,27.27,27.280001000000002,26.08,3644700
2016-08-24,27.33,27.49,27.07,27.120001000000002,25.927042,4352000
2016-08-25,27.1,27.209999,26.91,27.01,25.821877999999998,3224400
2016-08-26,27.1,27.15,26.6,26.860001,25.678478,7739100
2016-08-29,26.950001,27.290001,26.860001,27.17,25.974842000000002,3718700
2016-08-30,27.25,27.370001000000002,27.055,27.299999,26.099123000000002,3362700
2016-08-31,27.309998999999998,27.84,27.219998999999998,27.83,26.605809999999998,7819300
2016-09-01,27.83,28.01,27.395,27.76,26.538887,5099200
2016-09-02,27.860001,27.905001000000002,27.58,27.799999,26.577127,3544500
2016-09-06,27.77,27.83,27.545,27.610001,26.395487,4833400
2016-09-07,27.48,27.84,27.35,27.809998999999998,26.586689,2803100
2016-09-08,27.6,27.690001000000002,27.280001000000002,27.34,26.137362,9421800
2016-09-09,27.309998999999998,27.68,26.93,26.93,25.745399,6698300
2016-09-12,26.780001000000002,27.49,26.68,27.41,26.204287,6655000
2016-09-13,27.08,27.17,26.530001000000002,26.719998999999998,25.544638,8611500
2016-09-14,26.719998999999998,26.98,26.549999,26.83,25.649796,6645300
2016-09-15,26.76,27.17,26.620001000000002,27.049999,25.860121,5053300
2016-09-16,26.85,26.969998999999998,26.67,26.91,25.726274,13467200
2016-09-19,27.030001000000002,27.16,26.889999,27.040001,25.850559,5029100
2016-09-20,27.209999,27.209999,26.790001,26.799999,25.621117,3696300
2016-09-21,26.950001,27.23,26.75,27.059998999999998,25.86968,6989700
2016-09-22,27.16,27.559998999999998,26.950001,27.48,26.271203999999997,6321900
2016-09-23,27.33,27.75,27.299999,27.389999,26.185163,5886600
2016-09-26,27.15,27.615,27.0,27.299999,26.099123000000002,7150600
2016-09-27,27.26,27.855,27.18,27.809998999999998,26.586689,5904000
2016-09-28,27.809998999999998,27.950001,27.584999,27.82,26.596249,4815400
2016-09-29,27.77,27.889999,27.02,27.370001000000002,26.166045999999998,5794200
2016-09-30,27.629998999999998,28.115,27.49,28.0,26.76833,7039800
2016-10-03,27.84,28.129998999999998,27.51,27.58,26.366808000000002,7193600
2016-10-04,27.700001,27.92,27.290001,27.33,26.127802,9736500
2016-10-05,27.4,28.02,27.290001,27.940001000000002,26.710971999999998,8118600
2016-10-06,27.85,27.91,26.934998999999998,26.99,25.802759,11432300
2016-10-07,27.1,27.42,26.49,26.67,25.496834,11058200
2016-10-10,26.93,26.99,26.450001,26.73,25.554195,14331800
2016-10-11,26.73,26.860001,26.475,26.540001,25.372555,7960300
2016-10-12,26.49,26.629998999999998,26.42,26.51,25.343874,5161800
2016-10-13,26.299999,26.530001000000002,26.09,26.370001000000002,25.210033,5588500
2016-10-14,26.639999,26.940001000000002,26.525,26.700001,25.525515,6678400
2016-10-17,26.66,26.82,26.389999,26.42,25.257835,5834100
2016-10-18,26.74,26.809998999999998,26.549999,26.639999,25.468157,6227300
2016-10-19,26.530001000000002,27.110001,26.530001000000002,27.0,25.812323000000003,4252100
2016-10-20,27.049999,27.370001000000002,26.940001000000002,27.129998999999998,25.936598,10757400
2016-10-21,27.870001000000002,28.379998999999998,27.639999,28.23,26.988214000000003,13331900
2016-10-24,28.41,29.02,28.41,28.790001,27.523578999999998,9113400
2016-10-25,28.73,28.889999,28.450001,28.58,27.322821,5785600
2016-10-26,28.389999,28.865,28.295,28.700001,27.437544,5130800
2016-10-27,28.85,29.125,28.77,28.940001000000002,27.666983000000002,5431600
2016-10-28,29.030001000000002,29.325001,28.76,29.1,27.819944,7759600
2016-10-31,29.290001,29.290001,28.57,28.59,27.332378000000002,6857200
2016-11-01,28.77,29.02,28.34,28.559998999999998,27.303696000000002,7629200
2016-11-02,28.549999,28.809998999999998,28.379998999999998,28.42,27.169859000000002,6112400
2016-11-03,28.48,28.48,28.08,28.129998999999998,27.016191,4990500
2016-11-04,28.26,28.6,28.0,28.219998999999998,27.102628999999997,5915100
2016-11-07,28.82,29.115,28.629998999999998,29.110001,27.957388,6653400
2016-11-08,28.889999,29.0,28.4,28.700001,27.563623,5310100
2016-11-09,28.950001,30.299999,28.84,30.219998999999998,29.023438,11493400
2016-11-10,30.559998999999998,31.74,30.51,31.610001,30.358402,11400100
2016-11-11,31.450001,32.610001000000004,31.4,32.48,31.193951000000002,16845100
2016-11-14,32.77,33.810001,32.75,33.720001,32.384861,12311900
2016-11-15,33.630001,33.630001,32.639998999999996,33.34,32.019897,10573000
2016-11-16,33.080002,33.240002000000004,32.560001,32.610001000000004,31.3188,9094700
2016-11-17,32.830002,33.470001,32.43,33.43,32.106334999999994,10709700
2016-11-18,33.490002000000004,33.689999,33.16,33.619999,32.288815,7069500
2016-11-21,33.720001,33.849998,33.290001000000004,33.619999,32.288815,7134600
2016-11-22,33.84,34.330002,33.75,33.970001,32.624958,8149800
2016-11-23,34.0,35.02,33.93,34.959998999999996,33.575756,11393300
2016-11-25,34.990002000000004,35.02,34.650002,34.700001,33.326054,3022500
2016-11-28,34.48,34.48,33.790001000000004,33.900002,32.557728000000004,6247700
2016-11-29,34.049999,34.16,33.799999,33.799999,32.461684999999996,4282500
2016-11-30,34.189999,34.669998,33.98,34.560001,33.191593,8560700
2016-12-01,34.68,35.450001,34.57,35.07,33.6814,9961900
2016-12-02,35.049999,35.099998,34.455002,34.490002000000004,33.124367,7112600
2016-12-05,34.849998,35.52,34.810001,35.110001000000004,33.719818,5922700
2016-12-06,35.27,35.700001,34.915001000000004,35.66,34.248039,5031200
2016-12-07,35.23,36.27,34.98,36.18,34.747456,6103300
2016-12-08,36.279999,36.77,36.084,36.650002,35.198845,6651600
2016-12-09,36.540001000000004,36.77,36.220001,36.529999,35.083591,5659600
2016-12-12,36.450001,36.68,35.799999,35.939999,34.516953,6647500
2016-12-13,36.130001,36.389998999999996,35.580002,36.27,34.833892999999996,7663400
2016-12-14,35.970001,36.419998,35.57,35.939999,34.516953,9938400
2016-12-15,36.259997999999996,37.130001,35.939999,36.93,35.467754,11704400
2016-12-16,37.09,37.099998,36.514998999999996,36.630001,35.179634,7000100
2016-12-19,36.57,36.959998999999996,36.509997999999996,36.900002,35.438942,5526600
2016-12-20,37.060001,37.259997999999996,36.849998,37.259997999999996,35.784687,5100600
2016-12-21,37.310001,37.310001,36.950001,37.099998,35.631023,2778300
2016-12-22,37.099998,37.099998,36.669998,36.880001,35.419739,3958900
2016-12-23,36.810001,36.970001,36.669998,36.970001,35.506172,2970500
2016-12-27,37.130001,37.18,36.919998,37.0,35.534985,2208400
2016-12-28,37.07,37.099998,36.200001,36.240002000000004,34.805077000000004,4830700
2016-12-29,36.389998999999996,36.66,35.919998,36.09,34.661021999999996,3486900
2016-12-30,36.130001,36.459998999999996,36.080002,36.27,34.833892999999996,3452600
2017-01-03,36.75,37.169998,36.59,37.060001,35.592609,6058100
2017-01-04,37.299999,38.055,37.145,37.93,36.428162,6040100
2017-01-05,37.66,37.740002000000004,36.400002,36.91,35.448547,6850800
2017-01-06,37.09,37.48,36.880001,37.130001,35.659836,5110200
2017-01-09,36.91,37.075001,36.52,36.900002,35.438942,3955400
2017-01-10,37.029999,37.490002000000004,36.724998,36.959998999999996,35.496567,5033200
2017-01-11,36.810001,36.810001,35.66,36.360001000000004,34.920326,11639100
2017-01-12,36.16,36.195,35.599998,36.130001,34.699432,6484300
2017-01-13,36.34,36.830002,36.064999,36.32,34.881908,4401200
2017-01-17,36.099998,36.23,35.369999,35.509997999999996,34.103981,4693300
2017-01-18,35.790001000000004,35.919998,35.169998,35.900002,34.478539000000005,3943600
2017-01-19,35.959998999999996,36.139998999999996,35.560001,35.610001000000004,34.200024,6150000
2017-01-20,35.98,36.849998,35.849998,36.240002000000004,34.805077000000004,8954500
2017-01-23,36.029999,36.490002000000004,35.610001000000004,35.77,34.35368,6846600
2017-01-24,35.970001,36.369999,35.880001,36.080002,34.651421,4117800
2017-01-25,36.389998999999996,36.494999,35.75,35.91,34.48814,6387200
2017-01-26,36.02,36.700001,35.880001,36.689999,35.237255,7572200
2017-01-27,36.689999,36.790001000000004,36.349998,36.630001,35.179634,5956700
2017-01-30,36.450001,36.529999,36.0,36.470001,35.025967,4665100
2017-01-31,36.299999,36.535,35.560001,35.82,34.401707,5993100
2017-02-01,36.060001,36.580002,35.884997999999996,36.0,34.574577000000005,5258000
2017-02-02,35.639998999999996,35.810001,35.189999,35.34,34.063709,5636500
2017-02-03,35.950001,36.735001000000004,35.650002,36.509997999999996,35.191463,7493400
2017-02-06,36.25,36.549999,36.16,36.450001,35.133629,4385600
2017-02-07,36.639998999999996,36.779999,35.959998999999996,36.049999,34.748077,5583400
2017-02-08,35.880001,35.880001,35.380001,35.77,34.478190999999995,4228700
2017-02-09,35.77,36.595001,35.68,36.490002000000004,35.172191999999995,4838600
2017-02-10,36.73,36.799999,36.150002,36.220001,34.911938,5527100
2017-02-13,36.43,36.790001000000004,36.32,36.650002,35.326408,7151700
2017-02-14,36.630001,37.400002,36.540001000000004,37.32,35.97221,4599000
2017-02-15,37.330002,37.75,37.169998,37.279999,35.933659000000006,4296900
2017-02-16,37.189999,37.290001000000004,36.549999,36.849998,35.51918,3616200
2017-02-17,36.580002,36.759997999999996,36.055,36.68,35.355323999999996,5917000
2017-02-21,37.110001000000004,37.34,36.860001000000004,36.860001000000004,35.52882,3842900
2017-02-22,36.59,37.029999,36.540001000000004,36.779999,35.451716999999995,2658500
2017-02-23,36.860001000000004,36.919998,36.279999,36.630001,35.307133,3122300
2017-02-24,36.25,36.48,36.110001000000004,36.48,35.162548,4575000
2017-02-27,36.5,36.959998999999996,35.950001,36.939999,35.60593,4195900
2017-02-28,36.77,36.853001,35.75,36.240002000000004,34.931217,7566900
2017-03-01,37.18,37.415001000000004,36.710999,36.889998999999996,35.557739,5994500
2017-03-02,36.880001,36.98,35.919998,35.970001,34.670967,6618900
2017-03-03,35.900002,36.169998,35.689999,36.049999,34.748077,5091900
2017-03-06,35.799999,35.810001,35.32,35.580002,34.295055,5115900
2017-03-07,35.57,35.939999,35.360001000000004,35.599998,34.314323,4149400
2017-03-08,35.900002,36.099998,35.639998999999996,35.709998999999996,34.420357,3679900
2017-03-09,35.919998,36.150002,35.68,35.849998,34.555302000000005,3208000
2017-03-10,36.080002,36.200001,35.779999,36.009997999999996,34.709522,4307300
2017-03-13,35.990002000000004,36.169998,35.720001,36.029999,34.728798,3894100
2017-03-14,35.75,35.98,35.645,35.919998,34.622768,3579900
2017-03-15,36.029999,36.18,35.68,35.799999,34.507103,6428700
2017-03-16,36.009997999999996,36.084998999999996,35.705002,35.830002,34.53603,4818400
2017-03-17,35.73,35.73,34.860001000000004,35.119999,33.851662,10581400
2017-03-20,35.080002,35.200001,34.189999,34.200001,32.964890000000004,9393700
2017-03-21,34.389998999999996,34.5,32.939999,33.02,31.827507,11893000
2017-03-22,32.900002,33.529999,32.48,33.080002,31.885334000000004,8907100
2017-03-23,33.07,33.82,32.93,33.43,32.222698,6455500
2017-03-24,33.560001,33.689999,33.029999,33.310001,32.107033,4682500
2017-03-27,32.59,32.970001,32.240002000000004,32.740002000000004,31.557616999999997,8790100
2017-03-28,32.810001,33.900002,32.599998,33.66,32.444393,6438000
2017-03-29,33.639998999999996,33.93,33.549999,33.779999,32.560055,4487100
2017-03-30,33.82,34.584998999999996,33.779999,34.43,33.186584,5122200
2017-03-31,34.27,34.529999,34.125,34.299999,33.061279,5031400
2017-04-03,34.450001,34.540001000000004,33.275002,33.759997999999996,32.540775,6171300
2017-04-04,33.580002,33.91,33.580002,33.73,32.51186,2556000
2017-04-05,34.240002000000004,34.360001000000004,33.139998999999996,33.259997999999996,32.058834000000004,5021000
2017-04-06,33.23,33.59,32.945,33.23,32.029919,10510500
2017-04-07,32.959998999999996,33.419998,32.869999,33.16,31.962448,3734700
2017-04-10,33.189999,33.465,32.814999,32.869999,31.682920000000003,6846200
2017-04-11,32.549999,33.118,32.25,33.049999,31.856416999999997,6759700
2017-04-12,32.82,33.23,32.709998999999996,32.810001,31.625086,4596100
2017-04-13,32.669998,32.990002000000004,32.369999,32.369999,31.200977,5266500
2017-04-17,32.41,33.040001000000004,32.279999,33.02,31.827507,4183900
2017-04-18,32.810001,33.064999,32.560001,32.849998,31.663639,4971700
2017-04-19,33.060001,33.23,32.869999,33.0,31.808233,3358600
2017-04-20,33.32,34.009997999999996,33.27,33.849998,32.627525,5408300
2017-04-21,33.779999,33.880001,33.259997999999996,33.380001,32.174503,4729700
2017-04-24,34.299999,34.349998,33.68,33.900002,32.67572,4231800
2017-04-25,34.189999,34.330002,33.630001,33.82,32.598614000000005,6164900
2017-04-26,33.73,33.799999,32.650002,33.23,32.029919,11545900
2017-04-27,33.439999,33.439999,33.0,33.049999,31.856416999999997,7139800
2017-04-28,27.5,29.08,27.24,27.799999,26.796019,46357600
2017-05-01,27.98,28.620001000000002,27.200001,27.940001000000002,26.930965000000004,22971500
2017-05-02,27.959999,28.93,27.68,28.870001000000002,27.827377000000002,25490600
2017-05-03,28.620001000000002,29.18,28.52,28.77,27.730989,14287700
2017-05-04,28.790001,28.98,28.540001,28.67,27.760036,9812900
2017-05-05,28.84,29.25,28.42,28.610001,27.701942,10945300
2017-05-08,28.58,28.700001,28.35,28.379998999999998,27.479239,8054600
2017-05-09,28.440001000000002,28.530001000000002,28.02,28.1,27.208128000000002,8665700
2017-05-10,28.01,28.120001000000002,27.68,27.76,26.87892,11018200
2017-05-11,27.67,27.68,26.6,26.93,26.075262,14155000
2017-05-12,26.809998999999998,26.825001,26.01,26.59,25.746056,23145000
2017-05-15,26.77,27.395,26.52,27.110001,26.249552,14541200
2017-05-16,27.219998999999998,27.24,26.790001,26.84,25.988119,11191800
2017-05-17,26.84,26.84,26.145,26.5,25.658909,11761900
2017-05-18,26.43,26.775,26.41,26.5,25.658909,7949500
2017-05-19,27.76,27.82,26.805,26.84,25.988119,13465100
2017-05-22,27.01,27.030001000000002,26.66,26.91,26.055899,9221600
2017-05-23,27.01,27.01,26.68,26.84,25.988119,6534500
2017-05-24,26.82,27.01,26.700001,26.799999,25.949386999999998,9157300
2017-05-25,26.969998999999998,27.41,26.719998999999998,27.23,26.365741999999997,12800800
2017-05-26,27.15,27.65,27.07,27.370001000000002,26.501296999999997,11451700
2017-05-30,27.309998999999998,27.459999,27.004998999999998,27.1,26.239867999999998,9631400
2017-05-31,27.1,27.200001,26.34,26.85,25.997805,9204200
2017-06-01,26.99,27.469998999999998,26.84,27.219998999999998,26.356056,8658400
2017-06-02,26.98,27.67,26.98,27.4,26.530347999999996,12368500
2017-06-05,27.35,28.066,27.1,27.959999,27.072571000000003,10972400
2017-06-06,27.719998999999998,28.445,27.51,28.290001,27.392098999999998,14205500
2017-06-07,28.459999,29.184998999999998,28.415001,28.870001000000002,27.953688,16055500
2017-06-08,28.870001000000002,29.24,28.629998999999998,28.67,27.760036,8528500
2017-06-09,28.93,28.98,28.52,28.700001,27.789084999999996,7848000
2017-06-12,28.709999,28.98,28.68,28.76,27.847183,5666100
2017-06-13,28.83,29.084999,28.43,28.99,28.069881,5308200
2017-06-14,28.799999,29.32,28.620001000000002,29.23,28.302260999999998,10163500
2017-06-15,28.98,29.66,28.969998999999998,29.469998999999998,28.534645,8638100
2017-06-16,29.459999,29.459999,29.07,29.33,28.399088,6828300
2017-06-19,29.469998999999998,29.469998999999998,29.124001,29.42,28.486233000000002,6875200
2017-06-20,29.4,29.775,29.33,29.440001000000002,28.505598,5691900
2017-06-21,29.450001,29.790001,29.201,29.700001,28.757345,7815300
2017-06-22,29.57,29.76,29.16,29.299999,28.370040999999997,6380500
2017-06-23,29.49,29.52,28.84,28.969998999999998,28.050514,7561500
2017-06-26,29.040001,29.719998999999998,29.040001,29.68,28.73798,7016700
2017-06-27,29.75,29.799999,29.42,29.440001000000002,28.505598,6395700
2017-06-28,29.67,30.1,29.59,29.799999,28.854172,10205800
2017-06-29,30.25,30.540001,29.315001000000002,29.549999,28.612104,10081600
2017-06-30,29.780001000000002,29.959999,29.469998999999998,29.82,28.873537,4782900
2017-07-03,30.059998999999998,30.370001000000002,29.950001,30.059998999999998,29.105916999999998,2315300
2017-07-05,30.17,30.26,29.74,29.780001000000002,28.834806,4380600
2017-07-06,29.799999,29.799999,29.290001,29.379998999999998,28.4475,4040200
2017-07-07,29.540001,29.84,29.4,29.700001,28.757345,3595800
2017-07-10,29.67,29.700001,29.084999,29.129998999999998,28.205437,5717600
2017-07-11,29.16,29.16,28.799999,29.1,28.176392,7745400
2017-07-12,29.1,29.35,28.889999,29.33,28.399088,3924900
2017-07-13,29.209999,29.705,29.209999,29.360001,28.428137,4742300
2017-07-14,29.15,29.635,29.059998999999998,29.48,28.544328999999998,4252700
2017-07-17,29.48,29.844998999999998,29.219998999999998,29.65,28.708933000000002,3948400
2017-07-18,29.43,29.565001000000002,29.17,29.33,28.399088,4653400
2017-07-19,29.450001,29.610001,29.24,29.51,28.573376,5228500
2017-07-20,29.42,29.74,29.190001000000002,29.530001000000002,28.592739,5707000
2017-07-21,31.49,31.9,30.120001000000002,30.870001000000002,29.890210999999997,11172300
2017-07-24,30.799999,31.120001000000002,30.530001000000002,30.74,29.764338000000002,5999800
2017-07-25,30.98,31.200001,30.709999,30.889999,29.909576,5911600
2017-07-26,31.07,31.09,30.530001000000002,30.57,29.599731,6270400
2017-07-27,30.59,30.629998999999998,30.125,30.34,29.377033,6599700
2017-07-28,30.190001000000002,30.27,29.84,29.940001000000002,28.989728999999997,8419200
2017-07-31,30.059998999999998,30.48,30.059998999999998,30.32,29.357666,12946000
2017-08-01,30.52,30.579,29.83,29.879998999999998,28.931633,8219200
2017-08-02,29.93,30.184998999999998,29.780001000000002,30.059998999999998,29.105916999999998,6297900
2017-08-03,29.9,30.4,29.790001,29.91,29.105916999999998,6989300
2017-08-04,30.17,30.32,29.799999,29.870001000000002,29.066997999999998,7284100
2017-08-07,29.879998999999998,30.514999,29.77,30.4,29.582746999999998,5164200
2017-08-08,30.34,31.41,30.34,30.719998999999998,29.894144,8043200
2017-08-09,30.48,30.559998999999998,30.129998999999998,30.25,29.436778999999998,5204200
2017-08-10,30.07,30.09,28.93,29.32,28.531779999999998,9816200
2017-08-11,29.34,29.395,28.959999,29.200001,28.415009,6668000
2017-08-14,29.5,30.200001,29.4,29.639999,28.843178,5917600
2017-08-15,30.91,31.129998999999998,30.379998999999998,30.99,30.156885,13489300
2017-08-16,31.67,31.68,30.82,30.870001000000002,30.040112,7408500
2017-08-17,30.870001000000002,30.91,30.049999,30.1,29.290813,7398500
2017-08-18,30.190001000000002,30.360001,29.879998999999998,30.07,29.26162,5534200
2017-08-21,30.1,30.299999,29.950001,30.26,29.446509999999996,4640200
2017-08-22,30.34,30.465,30.0,30.34,29.524361,6259800
2017-08-23,30.200001,30.57,30.129998999999998,30.309998999999998,29.495165000000004,4292300
2017-08-24,30.49,30.700001,30.299999,30.459999,29.641134,3220900
2017-08-25,30.530001000000002,30.85,30.440001000000002,30.540001,29.718984999999996,2908000
2017-08-28,30.74,30.75,30.17,30.290001,29.475703999999997,3713400
2017-08-29,30.040001,30.200001,29.790001,30.120001000000002,29.310276,5722700
2017-08-30,30.1,30.76,30.049999,30.66,29.835756,5629800
2017-08-31,30.719998999999998,30.92,30.620001000000002,30.790001,29.962263,5132600
2017-09-01,30.780001000000002,31.035,30.700001,30.92,30.088767999999998,3076500
2017-09-05,30.700001,30.75,29.75,29.870001000000002,29.066997999999998,6260200
2017-09-06,30.049999,30.275,29.93,29.959999,29.154573,5911900
2017-09-07,30.0,30.0,28.955,29.059998999999998,28.27877,5625200
2017-09-08,28.629998999999998,28.860001,28.329,28.549999,27.782478,8560000
2017-09-11,28.82,29.35,28.65,29.15,28.36635,6050400
2017-09-12,29.35,29.57,29.110001,29.190001000000002,28.405277,5179800
2017-09-13,29.25,29.57,29.200001,29.32,28.531779999999998,7166700
2017-09-14,29.27,29.43,28.67,28.700001,27.92845,7550300
2017-09-15,28.57,29.209999,28.459999,29.02,28.239846999999997,11003600
2017-09-18,29.110001,29.299999,28.950001,29.26,28.473394,5682900
2017-09-19,29.290001,29.48,29.049999,29.09,28.307964000000002,5754300
2017-09-20,29.200001,29.266001,28.9,29.0,28.220384999999997,6347400
2017-09-21,29.0,29.09,28.704,28.889999,28.11334,5281800
2017-09-22,28.860001,29.5,28.85,29.469998999999998,28.677747999999998,6320700
2017-09-25,29.35,29.879998999999998,29.309998999999998,29.559998999999998,28.765327000000003,6827300
2017-09-26,29.610001,30.040001,29.51,29.940001000000002,29.135113,3918600
2017-09-27,30.24,31.184998999999998,30.18,30.940001000000002,30.108232,11194700
2017-09-28,30.9,31.43,30.879998999999998,31.190001000000002,30.351509000000004,7666600
2017-09-29,31.190001000000002,31.379998999999998,30.92,31.049999,30.215273,5255600
2017-10-02,31.17,31.49,30.92,31.48,30.633713,4478600
2017-10-03,31.459999,31.885,31.42,31.719998999999998,30.867259999999998,5916600
2017-10-04,31.76,31.790001,31.26,31.309998999999998,30.468283000000003,4750400
2017-10-05,31.32,31.665001,31.16,31.66,30.808871999999997,4838900
2017-10-06,31.459999,31.575001,31.190001000000002,31.309998999999998,30.468283000000003,4695000
2017-10-09,31.469998999999998,31.690001000000002,31.26,31.440001000000002,30.594790000000003,2616800
2017-10-10,31.5,31.9,31.5,31.75,30.896456,4867300
2017-10-11,31.719998999999998,31.83,31.370001000000002,31.42,30.575328999999996,3444200
2017-10-12,31.33,31.33,30.48,30.639999,29.816296,6771800
2017-10-13,30.450001,31.24,30.379998999999998,30.82,29.991457,7889900
2017-10-16,30.99,31.620001000000002,30.91,31.5,30.653173,10557400
2017-10-17,31.59,31.594998999999998,30.85,30.98,30.147153999999997,4723600
2017-10-18,31.120001000000002,31.549999,30.99,31.51,30.662909000000003,6903800
2017-10-19,31.200001,31.870001000000002,30.860001,31.709999,30.857529,7787700
2017-10-20,33.41,34.080002,32.845001,33.040001000000004,32.151775,15400900
2017-10-23,33.259997999999996,33.330002,32.630001,32.68,31.801453000000002,6188200
2017-10-24,32.759997999999996,32.860001000000004,32.27,32.650002,31.772263,4908900
2017-10-25,32.380001,32.630001,32.0,32.380001,31.509518,8934100
2017-10-26,32.66,32.970001,32.599998,32.869999,31.986342999999998,5219800
2017-10-27,32.610001000000004,32.970001,32.43,32.939999,32.054466,4059300
2017-10-30,32.779999,33.099998,32.509997999999996,32.599998,31.723602000000003,3998100
2017-10-31,32.540001000000004,32.82,32.43,32.619999,31.743067,4589300
2017-11-01,32.709998999999996,32.950001,32.544998,32.830002,31.947421999999996,2934100
2017-11-02,32.799999,33.240002000000004,32.465,33.220001,32.326931,6214600
2017-11-03,33.119999,33.369999,32.900002,33.110001000000004,32.366039,4242500
2017-11-06,33.0,33.080002,32.77,32.77,32.03368,4144800
2017-11-07,32.82,33.02,32.27,32.360001000000004,31.632890999999997,4561500
2017-11-08,32.279999,32.389998999999996,31.790001,32.07,31.349404999999997,4130100
2017-11-09,31.92,32.209998999999996,31.549999,32.09,31.368956,4140300
2017-11-10,32.130001,32.380001,32.044998,32.07,31.349404999999997,2669700
2017-11-13,32.18,32.630001,32.110001000000004,32.59,31.857719,5185300
2017-11-14,32.369999,32.66,32.259997999999996,32.560001,31.828397999999996,3936400
2017-11-15,32.080002,32.740002000000004,31.85,32.529999,31.79907,6556700
2017-11-16,33.52,33.860001000000004,33.189999,33.380001,32.629974,11362700
2017-11-17,33.400002,34.040001000000004,33.34,33.860001000000004,33.099185999999996,8665800
2017-11-20,33.860001000000004,34.32,33.82,33.860001000000004,33.099185999999996,8232800
2017-11-21,33.91,33.990002000000004,33.310001,33.77,33.011208,6838200
2017-11-22,33.900002,33.98,33.5,33.669998,32.913452,4177300
2017-11-24,33.73,33.755001,33.419998,33.490002000000004,32.737503000000004,2372300
2017-11-27,33.48,33.5,32.919998,33.209998999999996,32.463791,6196300
2017-11-28,33.220001,34.610001000000004,33.075001,34.490002000000004,33.715027,8612100
2017-11-29,34.939999,35.68,34.884997999999996,35.349998,34.555706,11568600
2017-11-30,35.5,36.450001,35.435001,35.889998999999996,35.083569,12016600
2017-12-01,35.790001000000004,36.064999,34.66,35.939999,35.13245,7336500
2017-12-04,36.57,38.040001000000004,36.57,37.450001,36.608521,14112000
2017-12-05,37.599998,37.93,37.189999,37.310001,36.471661,8227500
2017-12-06,37.099998,37.599998,37.040001000000004,37.389998999999996,36.54987,5706000
2017-12-07,37.16,37.73,37.09,37.34,36.500992,8103400
2017-12-08,37.849998,37.849998,37.165001000000004,37.5,36.657398,7833900
2017-12-11,37.439999,37.700001,37.290001000000004,37.59,36.745373,5916800
2017-12-12,37.619999,37.860001000000004,37.360001000000004,37.360001000000004,36.520542,7197800
2017-12-13,37.400002,37.540001000000004,36.599998,36.639998999999996,35.816719,8078700
2017-12-14,36.860001000000004,37.330002,36.84,36.990002000000004,36.158863000000004,5601700
2017-12-15,37.27,37.599998,36.880001,37.189999,36.354359,8883500
2017-12-18,37.790001000000004,38.965,37.73,38.509997999999996,37.644703,8723500
2017-12-19,38.799999,38.849998,38.16,38.18,37.322117,7137000
2017-12-20,38.639998999999996,38.650002,37.919998,37.959998999999996,37.107063000000004,3489700
2017-12-21,38.18,38.77,38.07,38.599998,37.732681,4162700
2017-12-22,38.860001000000004,38.860001000000004,38.27,38.77,37.898865,4260000
2017-12-26,38.700001,38.959998999999996,38.549999,38.709998999999996,37.840206,3130500
2017-12-27,38.709998999999996,38.82,38.41,38.599998,37.732681,2607200
2017-12-28,38.799999,39.110001000000004,38.740002000000004,38.970001,38.094364,3472700
2017-12-29,39.130001,39.169998,38.599998,38.610001000000004,37.742455,3506500
2018-01-02,38.799999,39.0,38.52,38.860001000000004,37.986839,3326900
2018-01-03,38.869999,39.18,38.73,39.119999,38.240992999999996,4327300
2018-01-04,39.470001,39.860001000000004,39.369999,39.400002,38.514706,3645900
2018-01-05,39.66,39.790001000000004,39.25,39.740002000000004,38.847069,4686500
2018-01-08,39.610001000000004,39.779999,39.240002000000004,39.259997999999996,38.37785,4959600
2018-01-09,39.529999,39.810001,39.299999,39.439999,38.553802000000005,6594300
2018-01-10,39.509997999999996,40.029999,39.380001,39.66,38.768864,7627100
2018-01-11,39.77,40.169998,39.279999,39.759997999999996,38.866615,6144200
2018-01-12,40.040001000000004,40.049999,37.66,39.369999,38.485378000000004,8532100
2018-01-16,39.459998999999996,39.580002,37.779999,37.93,37.077736,12961200
2018-01-17,38.16,38.330002,37.791,38.060001,37.204815,10728700
2018-01-18,38.290001000000004,38.290001000000004,36.75,37.299999,36.461890999999994,13731000
2018-01-19,37.740002000000004,38.84,36.849998,38.470001,37.605602000000005,11775700
2018-01-22,38.18,39.599998,38.16,39.52,38.632008,15163700
2018-01-23,39.419998,39.939999,39.060001,39.779999,38.886162,8378400
2018-01-24,39.889998999999996,40.189999,39.459998999999996,39.740002000000004,38.847069,7679400
2018-01-25,39.91,40.029999,39.470001,39.580002,38.690659000000004,7034600
2018-01-26,39.630001,40.235001000000004,39.490002000000004,40.209998999999996,39.306503,5504700
2018-01-29,40.110001000000004,40.59,40.099998,40.16,39.257629,5791900
2018-01-30,39.919998,40.16,39.604,39.630001,38.739536,5453700
2018-01-31,39.75,40.299999,39.66,39.68,38.788414,6981700
2018-02-01,39.540001000000004,39.669998,39.029999,39.66,38.768864,5474400
2018-02-02,39.5,39.884997999999996,38.505001,38.68,37.954433,6192000
2018-02-05,38.259997999999996,38.91,36.580002,36.880001,36.188194,10395400
2018-02-06,36.049999,37.84,35.450001,37.669998,36.963371,9275000
2018-02-07,37.439999,38.189999,37.299999,37.5,36.79657,8031500
2018-02-08,37.5,37.549999,34.970001,34.98,34.323837,9244100
2018-02-09,35.349998,35.860001000000004,33.605,35.029999,34.372898,11802200
2018-02-12,35.349998,36.485001000000004,35.240002000000004,36.240002000000004,35.560204,7027400
2018-02-13,35.919998,36.139998999999996,35.52,36.009997999999996,35.334515,4509900
2018-02-14,35.810001,36.720001,35.535,36.700001,36.011573999999996,6964800
2018-02-15,37.040001000000004,37.134997999999996,36.310001,36.84,36.148945,5219300
2018-02-16,36.740002000000004,37.18,36.610001000000004,36.73,36.041012,4413100
2018-02-20,36.630001,36.91,36.360001000000004,36.560001,35.874199,4235100
2018-02-21,36.610001000000004,37.404999,36.5,36.57,35.884009999999996,4423200
2018-02-22,36.77,36.91,36.240002000000004,36.330002,35.648518,7871200
2018-02-23,36.540001000000004,37.16,36.43,37.150002,36.453133,3101300
2018-02-26,37.27,37.400002,36.790001000000004,37.389998999999996,36.688633,5200300
2018-02-27,37.389998999999996,38.07,36.799999,36.810001,36.119514,6428400
2018-02-28,37.169998,37.529999,36.380001,36.389998999999996,35.707390000000004,4691300
2018-03-01,36.5,36.98,35.720001,35.849998,35.177517,7483000
2018-03-02,35.560001,36.009997999999996,34.700001,35.93,35.25602,5433800
2018-03-05,35.700001,36.380001,35.424999,36.23,35.550388,6491300
2018-03-06,36.34,36.540001000000004,35.615002000000004,36.200001,35.520953999999996,4312700
2018-03-07,35.810001,36.389998999999996,35.709998999999996,36.299999,35.619076,4320800
2018-03-08,36.5,36.91,36.099998,36.84,36.148945,4141600
2018-03-09,37.18,37.290001000000004,36.59,37.279999,36.580688,5151300
2018-03-12,37.200001,37.57,36.810001,36.98,36.286324,3977600
2018-03-13,37.32,37.32,36.599998,36.68,35.991946999999996,5419700
2018-03-14,36.98,37.235001000000004,35.994999,36.099998,35.422825,4231800
2018-03-15,36.0,36.150002,34.490002000000004,34.669998,34.01965,11288300
2018-03-16,34.830002,35.52,34.689999,35.200001,34.539711,13767800
2018-03-19,35.02,35.470001,34.884997999999996,35.259997999999996,34.598583000000005,7071400
2018-03-20,35.41,35.674999,35.299999,35.400002,34.735958000000004,4799800
2018-03-21,35.349998,35.860001000000004,35.299999,35.299999,34.637833,4325100
2018-03-22,34.77,35.119999,33.68,33.73,33.097286,5728000
2018-03-23,33.869999,33.950001,32.470001,32.509997999999996,31.900169,7830300
2018-03-26,33.049999,33.415001000000004,32.610001000000004,33.299999,32.67535,8755000
2018-03-27,33.459998999999996,33.73,32.400002,32.669998,32.057163,5625000
2018-03-28,32.360001000000004,33.709998999999996,32.360001000000004,33.110001000000004,32.488914,8187000
2018-03-29,33.220001,33.669998,32.860001000000004,33.529999,32.901035,5954100
2018-04-02,33.43,33.700001,32.220001,32.66,32.047356,6253000
2018-04-03,32.91,33.514998999999996,32.84,33.43,32.802914,5184700
2018-04-04,32.630001,34.0,32.630001,33.91,33.273911,4956100
2018-04-05,34.209998999999996,35.34,34.139998999999996,34.799999,34.147213,8173200
2018-04-06,34.299999,34.455002,33.389998999999996,33.810001,33.175785,4349800
2018-04-09,34.16,34.720001,33.810001,33.860001000000004,33.224846,3661700
2018-04-10,34.41,34.555,34.07,34.459998999999996,33.813590999999995,4297800
2018-04-11,34.07,34.650002,33.98,34.240002000000004,33.597721,4217400
2018-04-12,34.59,35.080002,34.540001000000004,34.830002,34.176655,4300900
2018-04-13,35.16,35.290001000000004,33.919998,34.07,33.430904,5729200
2018-04-16,34.450001,34.650002,34.119999,34.470001,33.823406,4857000
2018-04-17,34.830002,35.060001,34.470001,34.57,33.921528,5485300
2018-04-18,34.759997999999996,35.240002000000004,34.689999,34.889998999999996,34.235527000000005,3345900
2018-04-19,34.939999,35.59,34.939999,35.349998,34.686896999999995,5196800
2018-04-20,35.709998999999996,36.209998999999996,34.860001000000004,35.200001,34.539711,10287100
2018-04-23,35.310001,35.439999,34.549999,34.73,34.078528999999996,5856200
2018-04-24,35.09,35.240002000000004,34.105,34.349998,33.705653999999996,7072200
2018-04-25,34.16,34.240002000000004,33.165001000000004,33.290001000000004,32.665543,9411300
2018-04-26,33.310001,33.529999,33.119999,33.299999,32.67535,5990800
2018-04-27,33.299999,33.439999,33.005001,33.110001000000004,32.488914,4503500
2018-04-30,33.27,33.584998999999996,33.16,33.169998,32.547787,3980100
2018-05-01,33.080002,33.150002,32.720001,33.080002,32.45948,4804500
2018-05-02,32.990002000000004,33.41,32.830002,32.93,32.312290000000004,6386000
2018-05-03,32.799999,32.810001,31.84,32.130001,31.5273,5763400
2018-05-04,31.870001000000002,32.75,31.74,32.630001,32.168098,4741000
2018-05-07,32.700001,32.849998,32.48,32.720001,32.256821,4973400
2018-05-08,32.830002,33.349998,32.779999,33.080002,32.611729,6296800
2018-05-09,33.259997999999996,33.84,33.110001000000004,33.73,33.252525,3983000
2018-05-10,33.73,34.116001000000004,33.599998,33.900002,33.420124,3155200
2018-05-11,33.900002,34.43,33.900002,34.110001000000004,33.627148,3282700
2018-05-14,34.290001000000004,34.290001000000004,33.880001,33.939999,33.459548999999996,2471700
2018-05-15,33.650002,34.525002,33.650002,34.209998999999996,33.725731,3675800
2018-05-16,34.299999,34.759997999999996,34.080002,34.59,34.100349,3065900
2018-05-17,34.580002,35.0,34.470001,34.93,34.435539,3690600
2018-05-18,34.93,35.630001,34.900002,35.439999,34.938316,7236700
2018-05-21,35.599998,35.955002,35.52,35.720001,35.214355,5835600
2018-05-22,35.700001,36.32,35.700001,36.110001000000004,35.598835,4909800
2018-05-23,35.77,36.119999,35.424,36.119999,35.608692,4999500
2018-05-24,35.990002000000004,36.25,35.080002,35.900002,35.391808000000005,5140900
2018-05-25,35.82,35.82,35.419998,35.610001000000004,35.105915,3982500
2018-05-29,35.169998,35.259997999999996,34.185001,34.470001,33.982052,6116300
2018-05-30,34.849998,35.189999,34.665001000000004,35.02,34.524265,4759900
2018-05-31,34.849998,35.0,34.41,34.630001,34.139786,5582900
2018-06-01,35.16,35.299999,34.790001000000004,35.040001000000004,34.543983000000004,2911500
2018-06-04,35.189999,35.5,35.119999,35.450001,34.948181,1941800
2018-06-05,35.369999,35.450001,34.889998999999996,35.0,34.504546999999995,4116300
2018-06-06,35.099998,35.580002,34.990002000000004,35.580002,35.07634,4222100
2018-06-07,35.650002,36.075001,35.279999,35.549999,35.046761,4058100
2018-06-08,35.540001000000004,35.57,35.189999,35.450001,34.948181,4143000
2018-06-11,35.509997999999996,35.720001,35.150002,35.259997999999996,34.760864,3265800
2018-06-12,35.450001,35.560001,35.09,35.299999,34.800301,2538800
2018-06-13,35.43,35.549999,34.919998,34.939999,34.445396,3281500
2018-06-14,35.060001,35.380001,34.904999,35.259997999999996,34.760864,3391200
2018-06-15,35.07,35.43,34.700001,35.220001,34.721436,5265100
2018-06-18,35.0,35.16,34.82,35.0,34.504546999999995,4159100
2018-06-19,34.630001,34.889998999999996,34.455002,34.810001,34.317238,3130100
2018-06-20,35.029999,35.040001000000004,34.48,34.509997999999996,34.021484,3426700
2018-06-21,34.400002,34.689999,33.849998,34.220001,33.735588,4518100
2018-06-22,34.540001000000004,34.595001,34.07,34.130001,33.646865999999996,6212000
2018-06-25,34.049999,34.169998,33.5,33.82,33.341251,4580100
2018-06-26,33.830002,33.91,33.369999,33.470001,32.996208,4161200
2018-06-27,33.43,33.82,33.0,33.0,32.53286,3674300
2018-06-28,32.970001,33.150002,32.549999,33.009997999999996,32.542716999999996,4453600
2018-06-29,33.389998999999996,33.990002000000004,33.32,33.380001,32.907482,5812300
2018-07-02,33.110001000000004,33.84,33.110001000000004,33.84,33.36097,4422100
2018-07-03,33.84,33.93,33.450001,33.5,33.02578,2785600
2018-07-05,33.77,33.91,33.529999,33.599998,33.124367,5194500
2018-07-06,33.599998,33.970001,33.439999,33.700001,33.22295,5520600
2018-07-09,33.900002,34.91,33.880001,34.860001000000004,34.366531,3611200
2018-07-10,34.919998,35.009997999999996,34.755001,34.849998,34.35667,3255000
2018-07-11,34.669998,35.005001,34.639998999999996,34.799999,34.307381,3761300
2018-07-12,34.919998,34.959998999999996,32.610001000000004,32.959998999999996,32.493423,15117300
2018-07-13,32.799999,32.908001,32.110001000000004,32.439999,31.980787,9880000
2018-07-16,32.419998,32.744999,32.41,32.560001,32.099087,5489900
2018-07-17,32.68,33.02,32.580002,32.82,32.355408000000004,4316600
2018-07-18,32.990002000000004,33.540001000000004,32.799999,33.41,32.937053999999996,5236900
2018-07-19,33.189999,33.744999,32.959998999999996,33.240002000000004,32.769463,5496400
2018-07-20,33.130001,33.415001000000004,32.790001000000004,32.810001,32.345551,6293500
2018-07-23,32.970001,33.540001000000004,32.950001,33.509997999999996,33.035641,4444100
2018-07-24,33.790001000000004,34.02,33.470001,33.82,33.341251,4282600
2018-07-25,33.880001,33.880001,33.080002,33.439999,32.966629,5476800
2018-07-26,33.540001000000004,33.599998,29.440001000000002,30.0,29.575327,23930600
2018-07-27,30.57,30.709999,29.33,29.92,29.496458,15589200
2018-07-30,29.639999,29.965,28.91,29.51,29.092264,18396300
2018-07-31,29.68,29.76,28.639999,28.940001000000002,28.530333000000002,11257600
2018-08-01,29.030001000000002,29.709999,28.9,29.200001,28.786652,13528400
2018-08-02,29.059998999999998,29.73,28.99,29.690001000000002,29.269714,9421300
2018-08-03,29.66,29.916,29.174999,29.85,29.637077,6015200
2018-08-06,29.860001,30.18,29.549999,29.65,29.438503000000004,5713300
2018-08-07,29.83,30.18,29.700001,30.09,29.875364,6388700
2018-08-08,30.08,30.309998999999998,29.959999,30.049999,29.835649,5483000
2018-08-09,30.0,30.129998999999998,29.733,29.98,29.766147999999998,4755500
2018-08-10,29.65,29.76,29.375,29.41,29.200214000000003,5212900
2018-08-13,29.379998999999998,29.549999,29.145,29.190001000000002,28.981785,4758400
2018-08-14,29.870001000000002,30.030001000000002,29.469998999999998,30.01,29.795934999999997,7830900
2018-08-15,29.67,30.17,29.5,29.860001,29.647005,9945900
2018-08-16,29.84,30.530001000000002,29.84,30.43,30.212940000000003,6904000
2018-08-17,30.43,30.530001000000002,30.16,30.370001000000002,30.153368,4815700
2018-08-20,30.389999,31.225,30.35,31.07,30.848373,6580700
2018-08-21,31.059998999999998,31.469998999999998,30.910999,31.17,30.94766,4878900
2018-08-22,31.110001,31.82,31.08,31.700001,31.473881,6563700
2018-08-23,31.709999,31.870001000000002,31.25,31.27,31.046946999999996,4084700
2018-08-24,31.299999,31.459999,31.209999,31.360001,31.136305,2475900
2018-08-27,31.559998999999998,32.125,31.52,31.83,31.602953000000003,5081900
2018-08-28,31.799999,32.09,31.709999,31.82,31.593023,2674900
2018-08-29,31.93,31.93,31.434998999999998,31.68,31.454023,3369800
2018-08-30,31.610001,31.83,31.530001000000002,31.610001,31.384522999999998,2672600
2018-08-31,31.459999,31.75,31.42,31.67,31.444094,3605800
2018-09-04,31.59,31.915001,31.51,31.879998999999998,31.652596000000003,5077500
2018-09-05,31.9,32.244999,31.85,32.009997999999996,31.781668,6134900
2018-09-06,31.879998999999998,32.154999,31.57,31.799999,31.573165999999997,4590400
2018-09-07,31.780001000000002,31.98,31.66,31.73,31.503666,4745400
2018-09-10,31.73,32.705002,31.73,32.18,31.950457,4905100
2018-09-11,32.029999,32.68,31.92,32.439999,32.208599,4370700
2018-09-12,32.400002,32.540001000000004,32.169998,32.290001000000004,32.059673,3446700
2018-09-13,32.349998,32.465,32.200001,32.209998999999996,31.980241999999997,3420400
2018-09-14,32.299999,32.709998999999996,32.189999,32.59,32.357533000000004,3319800
2018-09-17,32.68,32.903999,32.380001,32.5,32.268173,4169600
2018-09-18,32.599998,33.029999,32.470001,32.98,32.744747,4141700
2018-09-19,33.049999,33.595001,32.959998999999996,33.389998999999996,33.151825,4294100
2018-09-20,33.549999,33.779999,33.439999,33.599998,33.360325,4837100
2018-09-21,33.610001000000004,33.82,33.400002,33.470001,33.231255,9928400
2018-09-24,33.419998,33.52,32.884997999999996,33.040001000000004,32.804321,3547600
2018-09-25,33.169998,33.169998,32.68,32.98,32.744747,3546400
2018-09-26,32.57,32.77,31.844998999999998,31.91,31.682383,4663100
2018-09-27,31.879998999999998,31.98,31.57,31.57,31.344807,3876900
2018-09-28,31.43,31.495001000000002,30.950001,31.08,30.858303000000003,4931200
2018-10-01,31.25,31.799999,31.171,31.48,31.255449,5078100
2018-10-02,31.379998999999998,31.629998999999998,31.059998999999998,31.34,31.116446999999997,4768400
2018-10-03,31.58,32.049999,31.48,31.780001000000002,31.553309999999996,3856300
2018-10-04,31.809998999999998,31.940001000000002,31.290001,31.5,31.275307,3488500
2018-10-05,31.59,31.75,31.225,31.309998999999998,31.08666,2606400
2018-10-08,31.110001,31.565001000000002,30.950001,31.33,31.10652,4522100
2018-10-09,31.15,31.35,30.98,31.15,30.927803000000004,3740800
2018-10-10,31.280001000000002,31.555,30.51,30.52,30.302297999999997,5350500
2018-10-11,30.299999,30.440001000000002,29.51,29.73,29.517931,7268900
2018-10-12,29.959999,30.290001,29.275999,29.84,29.627148,5228400
2018-10-15,29.76,30.030001000000002,29.59,29.73,29.517931,3478900
2018-10-16,29.91,30.219998999999998,29.559998999999998,30.190001000000002,29.974651,2990200
2018-10-17,30.139999,30.440001000000002,29.700001,30.07,29.855507,3659000
2018-10-18,30.040001,30.135,29.445,29.639999,29.428573999999998,5787400
2018-10-19,30.450001,31.74,29.42,31.360001,31.136305,10238100
2018-10-22,31.51,31.57,29.41,29.469998999999998,29.259787,8823500
2018-10-23,28.82,29.68,28.49,29.58,29.369001,7275300
2018-10-24,29.65,29.98,28.5,28.559998999999998,28.356277000000002,6664700
2018-10-25,28.75,29.049999,28.355,28.83,28.624352000000002,6267800
2018-10-26,28.5,28.57,27.709999,27.98,27.780415,7973900
2018-10-29,28.32,28.889999,27.6,28.01,27.810202,5437800
2018-10-30,28.23,28.77,28.09,28.74,28.534994,5082000
2018-10-31,29.030001000000002,29.34,28.75,28.879998999999998,28.673994,4850000
2018-11-01,29.08,29.48,28.91,29.440001000000002,29.230001,4171400
2018-11-02,27.290001,27.32,26.125,26.43,26.43,18857700
2018-11-05,26.5,27.01,26.43,26.719998999999998,26.719998999999998,5859200
2018-11-06,26.67,27.02,26.35,26.870001000000002,26.870001000000002,8879100
2018-11-07,26.98,27.379998999999998,26.639999,27.35,27.35,7951600
2018-11-08,27.27,27.575001,27.194,27.48,27.48,5427000
2018-11-09,27.32,27.98,27.25,27.620001000000002,27.620001000000002,5696400
2018-11-12,27.59,27.780001000000002,27.139999,27.209999,27.209999,3471100
2018-11-13,27.209999,27.99,27.209999,27.65,27.65,5121000
2018-11-14,27.85,27.93,26.674999,26.92,26.92,5806300
2018-11-15,26.645,26.65,25.93,26.51,26.51,9776700
2018-11-16,26.35,26.389999,25.440001000000002,25.91,25.91,9307200
2018-11-19,25.940001000000002,26.09,25.200001,25.530001000000002,25.530001000000002,6260500
2018-11-20,25.290001,25.82,25.059998999999998,25.32,25.32,5961500
2018-11-21,25.4,26.059998999999998,25.33,25.66,25.66,4226000
2018-11-23,25.530001000000002,25.83,25.360001,25.559998999999998,25.559998999999998,2146000
2018-11-26,25.92,26.15,25.809998999999998,25.950001,25.950001,5728500
2018-11-27,25.76,26.129998999999998,25.719998999999998,26.08,26.08,5870600
2018-11-28,26.059998999999998,26.459999,25.945,26.42,26.42,4510200
2018-11-29,26.23,26.403999,25.950001,25.969998999999998,25.969998999999998,4391400
2018-11-30,26.0,26.040001,25.725,25.98,25.98,5840700
2018-12-03,26.23,26.415001,25.690001000000002,25.809998999999998,25.809998999999998,5591100
2018-12-04,25.66,25.85,24.690001000000002,24.9,24.9,9313300
2018-12-06,24.530001000000002,25.16,24.51,25.139999,25.139999,8381500
2018-12-07,25.32,25.93,25.209999,25.360001,25.360001,9078500
2018-12-10,25.299999,25.41,24.299999,24.959999,24.959999,9531100
2018-12-11,25.309998999999998,25.5,24.18,24.4,24.4,6769300
2018-12-12,24.68,25.07,24.469998999999998,24.549999,24.549999,7580600
2018-12-13,24.620001000000002,24.73,24.07,24.18,24.18,8418000
2018-12-14,23.93,24.67,23.809998999999998,24.1,24.1,9651300
2018-12-17,24.0,24.146,23.360001,23.49,23.49,10344500
2018-12-18,23.639999,23.950001,23.32,23.530001000000002,23.530001000000002,10224900
2018-12-19,23.5,24.049999,23.049999,23.200001,23.200001,7631800
2018-12-20,22.969998999999998,23.545,22.695,22.99,22.99,7602600
2018-12-21,23.0,23.389999,22.32,22.5,22.5,12513100
2018-12-24,22.33,22.940001000000002,21.985001,22.17,22.17,4457600
2018-12-26,22.16,23.16,21.775,23.139999,23.139999,5392900
2018-12-27,22.799999,23.440001000000002,22.559998999999998,23.42,23.42,6030100
2018-12-28,23.540001,23.809998999999998,23.15,23.5,23.5,5934400
