Date,Open,High,Low,Close,Adj Close,Volume
2015-06-24,57.167313,57.167313,57.104243999999994,57.104243999999994,50.846394000000004,3700
2015-06-25,56.671772,56.671772,55.770790000000005,55.770790000000005,49.659069,4100
2015-06-26,55.770790000000005,55.770790000000005,55.770790000000005,55.770790000000005,49.659069,100
2015-06-29,54.887829,54.887829,54.779709,54.779709,48.7766,300
2015-06-30,55.257229,55.320297,54.356246999999996,54.869808,48.856819,2015000
2015-07-01,54.725651,56.22128299999999,54.626541,56.22128299999999,50.060196000000005,213500
2015-07-02,56.761871,58.563835,56.22128299999999,58.554825,52.138011999999996,1936800
2015-07-06,58.671951,59.825210999999996,56.752860999999996,57.43760699999999,51.143215000000005,2322200
2015-07-07,57.581764,57.653843,55.446438,56.284351,50.116344,3388600
2015-07-08,56.311378000000005,57.572754,53.608433,53.797638,47.902138,4200200
2015-07-09,53.608433,54.896839,52.716460999999995,53.61744300000001,47.741699,2535200
2015-07-10,54.031895,55.500496,53.518333,55.320297,49.257942,2482800
2015-07-13,55.896927000000005,56.08613199999999,55.50950600000001,55.96900600000001,49.835552,1386300
2015-07-14,55.950984999999996,56.80691899999999,55.356339,56.032074,49.891715999999995,1104100
2015-07-15,56.08613199999999,56.698803000000005,55.077034,55.518517,49.434437,1342900
2015-07-16,55.59059499999999,57.374538,55.44283299999999,56.149204000000005,49.99601,1516000
2015-07-17,56.419498,56.987118,55.536533,55.635643,49.538727,1346500
2015-07-20,55.860889,56.698803000000005,55.410396999999996,55.455448,49.378281,2194300
2015-07-21,55.71673199999999,56.635735,53.716553000000005,53.923779,48.014454,1998900
2015-07-22,54.37426800000001,55.086043999999994,53.671501,54.185062,48.247112,999000
2015-07-23,53.8517,54.761692000000004,53.473286,53.923779,48.014454,1248300
2015-07-24,53.653481000000006,54.013874,51.950626,53.076855,47.260349,1281500
2015-07-27,52.662403000000005,53.536354,52.135326,52.428146000000005,46.682728000000004,1393100
2015-07-28,52.725471,53.833679000000004,51.797459,53.464275,47.60532,1816600
2015-07-29,53.049824,53.815659,52.329041,53.509327,47.645424,1986900
2015-07-30,55.284259999999996,56.93305600000001,54.99594499999999,56.608704,50.405151000000004,3918100
2015-07-31,55.410396999999996,57.43760699999999,55.104065000000006,56.815929000000004,50.589672,1803500
2015-08-03,57.095234,58.329578000000005,56.212272999999996,56.915039,50.677921000000005,2361900
2015-08-04,56.08613199999999,57.167313,56.077126,56.374446999999996,50.196568,780300
2015-08-05,57.023155,57.626812,56.059105,56.536625,50.340977,1664200
2015-08-06,55.860889,56.311378000000005,54.49139399999999,55.626633,49.530701,2815600
2015-08-07,55.572575,56.410488,54.941887,56.365437,50.188545,2287400
2015-08-10,56.752860999999996,57.21236,55.770790000000005,56.743851,50.86388,1580600
2015-08-11,57.662853000000005,57.662853000000005,55.599602000000004,57.122265000000006,51.203087,1916000
2015-08-12,57.122265000000006,57.545722999999995,55.599602000000004,57.041176,51.130402000000004,1541800
2015-08-13,56.996124,57.480854,56.17623100000001,56.878997999999996,50.985031,937100
2015-08-14,56.878997999999996,57.491665000000005,55.823948,56.969097,51.065788,1041900
2015-08-17,56.428509,57.131271,56.428509,57.068203000000004,51.154635999999996,792700
2015-08-18,56.779892000000004,57.284439,56.680781999999994,56.906029000000004,51.009266,894800
2015-08-19,56.743851,57.023155,55.923958,55.923958,50.128956,1195300
2015-08-20,55.635643,55.635643,54.401299,54.67159300000001,49.006363,1439900
2015-08-21,54.257141000000004,54.297684,52.824577000000005,53.16695,47.657635,2173600
2015-08-24,51.049644,54.320209999999996,48.184521000000004,50.869446,45.598206,2381800
2015-08-25,52.52725600000001,52.590324,49.563023,50.004505,44.822895,2606800
2015-08-26,51.473106,52.2029,49.689159000000004,50.860439,45.590134,2065000
2015-08-27,52.47319399999999,53.383186,52.022705,53.356159,47.82724,2080600
2015-08-28,53.44625500000001,54.437336,53.356159,54.293179,48.667159999999996,1674500
2015-08-31,54.140011,54.266151,52.833588,53.473286,47.932228,1866100
2015-09-01,52.707451,53.266059999999996,51.950626,52.64438199999999,47.189217,2055000
2015-09-02,53.085865000000005,53.554375,51.761421,52.410126,46.979237,1373800
2015-09-03,52.572304,53.73457,52.419136,52.905666000000004,47.42342,1227100
2015-09-04,51.590233000000005,52.554283,51.581223,51.671321999999996,46.316986,911300
2015-09-08,52.383099,52.869629,51.977657,52.79755,47.326519,694200
2015-09-09,53.15794399999999,54.112984,52.374088,52.482204,47.043842,1193800
2015-09-10,52.374088,53.52734399999999,52.283989,52.923687,47.439578999999995,1845800
2015-09-11,52.707451,53.86070600000001,52.274978999999995,52.932697,47.447659,1146300
2015-09-14,52.932697,53.716553000000005,51.851517,53.680510999999996,48.117973,1648500
2015-09-15,56.752860999999996,56.752860999999996,52.86061899999999,53.770610999999995,48.198746,1578100
2015-09-16,53.36516999999999,53.36516999999999,51.364986,52.968734999999995,47.47995,2181000
2015-09-17,52.869629,53.32011800000001,51.698353000000004,52.013695,46.623878000000005,1363600
2015-09-18,51.328949,51.653301,50.094604,50.1847,44.984413,2420000
2015-09-21,51.968647,51.968647,49.995495,50.328857,45.113632,1830600
2015-09-22,51.34697,51.34697,48.15749,48.598971999999996,43.563004,2210800
2015-09-23,48.499866,49.572033000000005,47.373638,47.562843,42.634246999999995,2043700
2015-09-24,45.959095,47.256508000000004,45.499596000000004,47.130371000000004,42.246582000000004,2749900
2015-09-25,47.364628,47.553833000000004,46.553745,46.806019,41.955845000000004,1630700
2015-09-28,46.274440999999996,46.778988,44.959003,45.022076,40.356753999999995,1958800
2015-09-29,44.490494,46.193352000000004,43.967926,45.562664,40.841328000000004,1969600
2015-09-30,49.33778,49.33778,45.607712,46.346519,41.543960999999996,1757000
2015-10-01,49.752232,50.500046000000005,46.031174,46.851067,41.996216,2441600
2015-10-02,45.040092,47.7971,45.040092,47.761059,42.811916,2139800
2015-10-05,48.112442,48.995403,47.851158,48.74313,43.692223,1714500
2015-10-06,48.977385999999996,49.599064,48.626003000000004,48.932334999999995,43.861828,2398300
2015-10-07,46.436615,49.400847999999996,46.436615,48.707091999999996,43.659924,2720800
2015-10-08,48.580952,49.229659999999996,48.256599,48.824219,43.764908,2009400
2015-10-09,49.563023,52.004684000000005,49.563023,51.869537,46.494663,3857500
2015-10-12,51.8335,51.887558,49.986484999999995,50.752319,45.493221000000005,1439900
2015-10-13,50.148663,51.175781,49.959457,50.040543,44.855194,1963400
2015-10-14,50.076584000000004,50.626183000000005,49.806290000000004,50.238762,45.032871,1132500
2015-10-15,50.067574,50.572124,49.508965,50.464005,45.234772,973200
2015-10-16,52.121811,52.121811,49.33778,50.265789,45.057097999999996,1550500
2015-10-19,49.725201,50.210831,48.348499,48.896297,43.829521,1598500
2015-10-20,48.508873,49.049465000000005,46.274440999999996,48.436794,43.417625,1200500
2015-10-21,48.833228999999996,48.833228999999996,46.625824,47.364628,42.456573,1723700
2015-10-22,47.905215999999996,48.436794,46.787997999999995,47.301559000000005,42.400032,2085800
2015-10-23,47.472744,48.391746999999995,47.427696000000005,48.085415000000005,43.102669,1667300
2015-10-26,48.022343,48.071899,47.022255,47.986305,43.013816999999996,1292000
2015-10-27,47.562843,48.031353,47.004234000000004,47.815117,42.860378000000004,1133900
2015-10-28,49.373816999999995,49.481934,47.716011,49.022434000000004,43.942585,2029700
2015-10-29,47.490765,49.400847999999996,46.869087,48.707091999999996,43.659924,1159800
2015-10-30,48.752140000000004,49.157581,48.436794,48.436794,43.417625,1161000
2015-11-02,48.256599,49.23867,48.220562,48.74313,43.692223,1298300
2015-11-03,45.968105,48.490856,45.968105,47.950264000000004,42.981514000000004,1540800
2015-11-04,49.409855,49.409855,47.860168,47.977295,43.005753000000006,1134000
2015-11-05,45.031082,47.382647999999996,43.427338,46.292458,41.495499,4367500
2015-11-06,45.878006,48.409766999999995,45.878006,48.346699,43.336868,1559000
2015-11-09,46.067215000000004,48.734119,46.058205,46.760971000000005,41.915459000000006,1659900
2015-11-10,47.382647999999996,47.382647999999996,45.346428,46.247409999999995,41.45512,1334800
2015-11-11,45.445534,46.806019,45.445534,46.454636,41.640869,889000
2015-11-12,45.409496000000004,45.878006,44.364357,44.391388,39.79142,1494500
2015-11-13,44.076042,45.031082,43.634563,43.74268,39.209938,1822500
2015-11-16,43.787727000000004,43.918369,42.931796999999996,43.184071,38.709213,2630100
2015-11-17,41.706459,44.184162,41.706459,43.021893,38.901653,2552400
2015-11-18,42.922787,44.70673,42.922787,44.661682,40.384392,1966200
2015-11-19,44.409405,45.499596000000004,44.1301,45.211281,40.881359,1706400
2015-11-20,45.373459000000004,45.679790000000004,44.904945,45.148212,40.824329,1094700
2015-11-23,44.247231,45.850978999999995,44.247231,45.409496000000004,41.060589,1325600
2015-11-24,47.409676,47.409676,45.085144,45.499596000000004,41.142056,1910900
2015-11-25,44.986034000000004,45.968105,44.139111,45.30138,40.962833,1027900
2015-11-27,45.157222999999995,45.661770000000004,45.040997,45.418507,41.068740999999996,320800
2015-11-30,46.941165999999996,46.941165999999996,45.517612,45.616721999999996,41.247974,1622500
2015-12-01,45.751869,46.598793,45.409496000000004,45.968105,41.565704,1171800
2015-12-02,44.841877000000004,46.463646000000004,44.841877000000004,45.382465,41.036156,1203500
2015-12-03,46.941165999999996,46.941165999999996,45.058113,45.526623,41.166503999999996,1380900
2015-12-04,45.652763,45.751869,44.850887,45.427517,41.076893,918700
2015-12-07,44.427425,45.427517,44.058021999999994,44.112083,39.887440000000005,1709800
2015-12-08,44.021984,44.310299,43.229118,43.247139000000004,39.105323999999996,1367600
2015-12-09,43.373276000000004,43.985943,42.79665,43.292187,39.146057,1697300
2015-12-10,42.373188,43.553474,41.895668,42.265068,38.217316,3481100
2015-12-11,41.607353,42.328136,41.093792,41.228939000000004,37.280415000000005,1741800
2015-12-14,41.129833000000005,41.382107,39.553112,39.778358000000004,35.968758,2298300
2015-12-15,40.246868,41.050545,39.237770000000005,39.255790999999995,35.496231,3622300
2015-12-16,39.652221999999995,40.553204,38.516983,40.472115,36.596066,4424000
2015-12-17,40.354988,40.805477,40.021622,40.427067,36.555332,3713300
2015-12-18,40.526173,40.888366999999995,39.679249,39.7243,35.919872,5553400
2015-12-21,39.868458000000004,40.409046000000004,39.661232,40.075684,36.237606,3794700
2015-12-22,40.129742,40.327957,39.035049,39.679249,35.879139,2775300
2015-12-23,40.057663,41.107307,39.70628,41.003693,37.076736,1909000
2015-12-24,41.165871,41.544284999999995,40.805477,41.003693,37.076736,490700
2015-12-28,40.913596999999996,41.13884,40.463104,41.111813,37.174496000000005,1047200
2015-12-29,41.391117,41.715469,41.156859999999995,41.328049,37.370022,978600
2015-12-30,41.183890999999996,41.512749,41.012703,41.228939000000004,37.280415000000005,1166600
2015-12-31,40.949635,41.765021999999995,40.904587,41.102802000000004,37.166354999999996,1079000
2016-01-04,40.373005,41.021713,39.9991,41.012703,37.084885,1827200
2016-01-05,41.057755,41.179386,40.760428999999995,40.985676,37.060444,1739100
2016-01-06,40.273899,40.449589,39.643211,39.850437,36.033932,1529800
2016-01-07,39.030544,40.165779,38.877377,39.454006,35.675465,2213600
2016-01-08,39.22876,39.345886,37.606991,37.778178999999994,34.16013,3284000
2016-01-11,37.904315999999994,38.021442,35.507702,35.823048,32.39225,4134900
2016-01-12,36.057301,36.435715,34.147221,34.552662,31.243523,3926800
2016-01-13,34.165240999999995,36.057301,34.13821,34.201279,30.925797999999997,5187200
2016-01-14,34.363457000000004,35.075233000000004,33.714748,34.687809,31.365732,1965500
2016-01-15,33.831875,34.381477000000004,33.246239,33.381386,30.184423,2701900
2016-01-19,33.732769,33.858906,32.631766999999996,32.849808,29.703756,2639100
2016-01-20,32.327236,33.129112,31.101902000000003,32.480404,29.369728000000002,2975000
2016-01-21,32.642582,33.66069,32.237137,32.804756,29.663015,1828900
2016-01-22,33.561581,34.399494,33.255249,34.003063,30.746563000000002,2079100
2016-01-25,30.696459,30.804577000000002,28.407965,28.930534,26.159836,9308400
2016-01-26,29.191817999999998,29.678349,28.705288,28.903505,26.135395000000003,3183700
2016-01-27,28.588161,30.372104999999998,28.588161,29.372015,26.559034000000004,2291300
2016-01-28,29.552212,30.002703000000004,28.498062,28.516083000000002,25.785073999999998,2737500
2016-01-29,28.705288,31.903774,28.561132,31.786648,28.742414,5725800
2016-02-01,31.345167,31.768627000000002,30.092802000000002,31.543383000000002,28.522447999999997,3979500
2016-02-02,30.759527000000002,30.984773999999998,30.020722999999997,30.056763,27.178202000000002,3362800
2016-02-03,30.588340999999996,30.912695000000003,29.633301,30.011713,27.137465999999996,4158600
2016-02-04,29.849536999999998,31.128931,29.831515999999997,31.020813,28.049927,3664600
2016-02-05,30.822598,31.408236,30.002703000000004,30.092802000000002,27.210790999999997,1556400
2016-02-08,29.912605,30.083792,28.651229999999998,29.002613,26.225008000000003,2294500
2016-02-09,28.534101,29.666636999999998,28.498062,29.453103999999996,26.632355,3197200
2016-02-10,28.498062,29.867556,28.191729,28.245789000000002,25.870045,3432700
2016-02-11,27.768266999999998,28.200739000000002,26.786198,26.975403000000004,24.706514000000002,3316700
2016-02-12,27.371836,28.011532,27.137581,27.957473999999998,25.605982,2520900
2016-02-16,28.380936,28.552121999999997,27.65114,28.389946000000002,26.002081,2611400
2016-02-17,28.777366999999998,29.840527,28.570140999999996,29.471123,26.992321,2227300
2016-02-18,29.597261,29.876565999999997,28.831427,29.489143,27.008823,2207700
2016-02-19,28.534101,29.272907,27.534012,28.434994,26.043337,3909700
2016-02-22,29.705378999999997,29.705378999999997,28.615190999999996,29.14677,26.695248,1655900
2016-02-23,28.984592,29.444094,28.768358000000003,29.353996000000002,26.885042,1605700
2016-02-24,28.840436999999998,29.399044,28.525093,29.110731,26.662240999999998,1846800
2016-02-25,29.335976000000002,29.723398,28.687269,29.209839000000002,26.753008,1593800
2016-02-26,29.317957,30.717182,29.002613,30.236958,27.693734999999997,2345900
2016-02-29,29.317957,31.705559,29.317957,30.426165,27.867031,3126000
2016-03-01,30.795567,31.908278999999997,30.615371999999997,31.894765999999997,29.212111,2145000
2016-03-02,31.714569,33.318317,31.597440999999996,33.246239,30.449911,3201100
2016-03-03,33.093071,34.084152,33.093071,33.949005,31.093566999999997,2714700
2016-03-04,34.156231,34.237320000000004,32.642582,33.120102,30.334384999999997,3555000
2016-03-07,33.011982,33.507523,32.10199,32.651588000000004,29.905278999999997,2330100
2016-03-08,32.291199,32.556988,31.228039000000003,31.858727000000002,29.1791,2660800
2016-03-09,32.12001,32.471394000000004,31.786648,32.074963000000004,29.37715,2658500
2016-03-10,32.111,32.363277000000004,31.137939000000003,31.570412,28.915034999999996,1904700
2016-03-11,32.011894,33.327328,31.683034999999997,33.300297,30.49942,1726100
2016-03-14,32.70565,34.60672,32.70565,34.255337,31.374132,2748000
2016-03-15,34.174252,34.174252,32.795746,33.354355,30.548933,1418000
2016-03-16,33.381386,34.462563,32.98045,34.22831,31.349379,2243900
2016-03-17,34.012074,35.66988,34.012074,35.489684999999994,32.504661999999996,2891200
2016-03-18,35.588791,35.949184,34.498604,35.525723,32.537665999999994,8906500
2016-03-21,35.381565,36.622219,35.381565,36.13839,33.098808,3071800
2016-03-22,35.750969,36.435715,35.606812,36.210468,33.164821999999994,2411800
2016-03-23,35.913146999999995,36.1474,35.165329,35.318497,32.347865999999996,1393600
2016-03-24,34.804939000000005,34.904045,34.372467,34.71484,31.794990999999996,1686000
2016-03-28,34.831965999999994,34.922066,34.282368,34.651771999999994,31.737225,1239300
2016-03-29,34.318409,35.120281,33.696728,35.102261,32.149826000000004,1523000
2016-03-30,35.129292,35.426617,33.786827,34.462563,31.563931,1675600
2016-03-31,34.381477000000004,35.201370000000004,34.309399,35.165329,32.207588,2544000
2016-04-01,34.940086,35.57077,34.651771999999994,35.318497,32.347865999999996,2192400
2016-04-04,35.138302,35.489684999999994,34.039103999999995,34.093163,31.225599,1499800
2016-04-05,33.7598,33.921974,32.606541,32.858814,30.09507,1669000
2016-04-06,32.786739000000004,33.669701,32.786739000000004,33.65168,30.821257,1499900
2016-04-07,33.282276,33.741779,33.142624,33.336338,30.532427000000002,2015800
2016-04-08,32.002884,33.696728,32.002884,33.507523,30.689215,2084400
2016-04-11,33.867915999999994,34.291378,33.363365,33.543564,30.722227,1154200
2016-04-12,33.525543,34.282368,33.300297,34.183258,31.308115,1577900
2016-04-13,34.444546,35.273449,34.318409,35.237408,32.273604999999996,1501300
2016-04-14,35.318497,35.318497,34.273357,34.516624,31.61344,1620800
2016-04-15,34.345436,35.120281,34.345436,34.795929,31.869257,1953900
2016-04-18,34.291378,35.147312,34.291378,35.147312,32.19109,1532000
2016-04-19,35.363544,36.318588,35.327507000000004,35.850075,32.834740000000004,1864900
2016-04-20,35.850075,36.102352,35.521217,35.633842,32.636692,1615700
2016-04-21,35.507702,36.201458,35.453644,35.507702,32.521167999999996,1827600
2016-04-22,34.994144,36.913235,34.994144,36.706009,33.618675,3184300
2016-04-25,36.26453,36.489773,35.111271,35.805027,32.793479999999995,1972200
2016-04-26,35.796017,36.868187,35.796017,36.760067,33.668194,2399000
2016-04-27,36.696999,37.733128,36.63393,37.507884999999995,34.353115,2245200
2016-04-28,37.156502,38.129562,36.814129,37.616001000000004,34.452129,3670300
2016-04-29,39.210739000000004,40.080189000000004,36.859177,37.7061,34.534653000000006,3154900
2016-05-02,37.661049,37.661049,36.498783,37.22858,34.097297999999995,2123900
2016-05-03,36.967293,36.967293,35.489684999999994,35.976215,32.950268,2594600
2016-05-04,35.651859,35.651859,34.543652,35.102261,32.488471999999994,2563800
2016-05-05,35.201370000000004,36.318588,34.958103,36.210468,33.514153,2019200
2016-05-06,36.084332,36.967293,35.778,36.850165999999994,34.106224,1785500
2016-05-09,36.886208,37.561943,36.769077,37.453823,34.664928,1937400
2016-05-10,37.796196,38.264709,37.305164000000005,38.228668,35.38208,2521600
2016-05-11,38.300746999999994,38.976486,37.59798,38.544014000000004,35.673946,2921100
2016-05-12,38.931435,39.282818,38.110640999999994,38.300746999999994,35.448784,1675200
2016-05-13,38.246689,38.64312,37.67907,38.345797999999995,35.490479,2390200
2016-05-16,39.330002,41.099998,38.290001000000004,39.630001,36.679058000000005,3935500
2016-05-17,39.200001,39.209998999999996,37.580002,37.970001,35.142662,3815300
2016-05-18,38.009997999999996,38.439999,37.102001,37.400002,34.615111999999996,1927800
2016-05-19,37.439999,37.439999,36.119999,37.0,34.244892,1488500
2016-05-20,37.049999,37.919998,37.009997999999996,37.900002,35.077881,1768100
2016-05-23,37.830002,38.349998,37.77,38.049999,35.216709,1809200
2016-05-24,38.23,38.849998,38.049999,38.689999,35.809055,1678400
2016-05-25,39.029999,39.779999,38.689999,39.400002,36.466190000000005,1438200
2016-05-26,39.639998999999996,39.639998999999996,38.790001000000004,39.32,36.392146999999994,992000
2016-05-27,39.310001,39.849998,39.099998,39.779999,36.817894,1002000
2016-05-31,40.080002,40.110001000000004,39.34,39.610001000000004,36.660548999999996,1516100
2016-06-01,39.610001000000004,39.639998999999996,39.07,39.59,36.64204,1119200
2016-06-02,39.16,39.900002,39.16,39.869999,36.901192,1593600
2016-06-03,39.950001,39.959998999999996,39.110001000000004,39.740002000000004,36.780871999999995,753300
2016-06-06,40.029999,40.32,39.685001,40.240002000000004,37.243645,1189300
2016-06-07,40.290001000000004,40.560001,39.93,40.16,37.169598,993400
2016-06-08,40.349998,40.59,39.924999,40.470001,37.456516,1227800
2016-06-09,40.439999,40.439999,39.720001,40.299999,37.299175,670600
2016-06-10,39.919998,39.919998,38.634997999999996,39.0,36.09597,1300100
2016-06-13,38.619999,39.189999,37.919998,37.970001,35.142662,1575100
2016-06-14,37.82,37.939999,37.299999,37.84,35.02235,1146300
2016-06-15,38.139998999999996,39.009997999999996,38.018002,38.369999,35.512886,1236800
2016-06-16,38.220001,38.990002000000004,37.779999,38.939999,36.040432,1198000
2016-06-17,38.75,39.98,38.75,39.73,36.771618,2146900
2016-06-20,40.5,41.169998,39.779999,40.75,37.715664000000004,2236500
2016-06-21,40.689999,41.23,40.505001,40.900002,37.854492,1446200
2016-06-22,41.139998999999996,41.139998999999996,40.380001,40.459998999999996,37.447258000000005,1187500
2016-06-23,41.189999,41.529999,40.91,41.509997999999996,38.419071,1753000
2016-06-24,39.32,40.029999,38.380001,38.59,35.716503,3441200
2016-06-27,38.07,38.209998999999996,35.77,35.869999,33.199039,1898200
2016-06-28,36.34,37.369999,35.91,37.27,34.494789000000004,1540000
2016-06-29,37.98,38.360001000000004,37.32,37.98,35.151924,1215400
2016-06-30,38.07,38.880001,37.639998999999996,38.869999,35.975643,1925000
2016-07-01,38.849998,39.439999,38.68,39.049999,36.142254,1128500
2016-07-05,38.849998,38.849998,36.395,37.040001000000004,34.281921000000004,2567300
2016-07-06,36.990002000000004,37.470001,36.330002,37.419998,34.633621000000005,2601400
2016-07-07,37.610001000000004,38.040001000000004,36.830002,37.16,34.392986,1474000
2016-07-08,37.75,38.639998999999996,37.709998999999996,38.549999,35.679474,1575800
2016-07-11,38.610001000000004,39.07,38.450001,38.869999,35.975643,848700
2016-07-12,39.439999,40.005001,39.259997999999996,39.740002000000004,36.780871999999995,1254800
2016-07-13,40.02,40.09,39.139998999999996,39.610001000000004,36.660548999999996,1193700
2016-07-14,40.0,40.330002,39.389998999999996,40.209998999999996,37.21587,1799100
2016-07-15,42.16,43.18,41.150002,42.509997999999996,39.344604,3627200
2016-07-18,42.32,43.355,41.889998999999996,43.25,40.029507,1945000
2016-07-19,43.099998,43.400002,42.66,42.919998,39.724083,999200
2016-07-20,43.16,43.84,42.790001000000004,43.580002,40.334942,1595000
2016-07-21,43.740002000000004,44.139998999999996,43.139998999999996,43.290001000000004,40.066528000000005,1098300
2016-07-22,43.299999,43.34,42.98,43.130001,39.918442,827800
2016-07-25,42.82,43.130001,42.470001,42.84,39.650040000000004,1164200
2016-07-26,42.639998999999996,43.720001,42.639998999999996,43.630001,40.381209999999996,1043300
2016-07-27,43.860001000000004,43.860001000000004,42.889998999999996,43.240002000000004,40.020252,1259200
2016-07-28,42.919998,43.32,42.540001000000004,42.77,39.585246999999995,974600
2016-07-29,42.459998999999996,42.959998999999996,42.16,42.91,39.714828000000004,2357000
2016-08-01,42.880001,42.93,41.68,41.919998,38.798538,2006400
2016-08-02,41.580002,41.73,40.650002,41.009997999999996,37.956295000000004,2183600
2016-08-03,40.68,42.240002000000004,40.630001,41.950001,38.826313,2221500
2016-08-04,42.43,44.990002000000004,42.43,43.720001,40.464508,3864300
2016-08-05,44.119999,44.59,43.82,44.080002,40.797707,1825600
2016-08-08,44.080002,44.290001000000004,43.709998999999996,44.009997999999996,40.732918,1470300
2016-08-09,44.139998999999996,44.580002,43.740002000000004,43.830002,40.566319,2063900
2016-08-10,43.84,44.869999,43.23,43.860001000000004,40.944393,2104900
2016-08-11,44.759997999999996,45.299999,43.889998999999996,45.27,42.260666,2051800
2016-08-12,45.110001000000004,45.34,44.189999,44.470001,41.513847,1466400
2016-08-15,44.790001000000004,44.869999,43.950001,44.0,41.075089,1437900
2016-08-16,44.389998999999996,45.540001000000004,44.32,44.860001000000004,41.877926,1335700
2016-08-17,45.040001000000004,45.560001,44.59,45.490002000000004,42.466042,1326100
2016-08-18,45.509997999999996,45.990002000000004,45.115002000000004,45.57,42.540726,1720600
2016-08-19,45.220001,45.740002000000004,44.625,45.41,42.391357,1672100
2016-08-22,44.830002,45.25,43.57,44.349998,41.401821000000005,2441400
2016-08-23,44.77,45.200001,44.584998999999996,44.68,41.709888,1486100
2016-08-24,44.669998,44.860001000000004,44.330002,44.470001,41.513847,1134300
2016-08-25,44.439999,47.330002,44.23,47.07,43.94101,3930700
2016-08-26,47.34,48.700001,47.220001,48.049999,44.855865,4419500
2016-08-29,47.970001,48.799999,47.970001,48.59,45.359970000000004,2025700
2016-08-30,48.59,48.880001,48.18,48.540001000000004,45.313293,1624900
2016-08-31,48.16,48.439999,47.639998999999996,47.900002,44.715835999999996,1832500
2016-09-01,48.009997999999996,48.560001,47.720001,48.509997999999996,45.285286,1754700
2016-09-02,48.900002,48.970001,48.349998,48.549999,45.322632,1183800
2016-09-06,48.720001,49.139998999999996,48.419998,48.830002,45.584019,1354100
2016-09-07,48.84,49.18,48.41,49.080002,45.817394,1242400
2016-09-08,48.959998999999996,49.119999,48.005001,48.189999,44.986561,2138700
2016-09-09,47.259997999999996,47.609001,46.16,46.490002000000004,43.399567,2813500
2016-09-12,45.959998999999996,47.48,45.740002000000004,47.290001000000004,44.146392999999996,2187100
2016-09-13,46.599998,47.490002000000004,46.23,46.560001,43.464915999999995,2030600
2016-09-14,46.709998999999996,46.759997999999996,45.639998999999996,45.970001,42.914139,1697300
2016-09-15,46.02,46.93,45.759997999999996,46.529999,43.436909,3471100
2016-09-16,47.200001,48.93,46.880001,47.720001,44.547806,3440100
2016-09-19,48.25,48.669998,47.669998,47.669998,44.501125,1505500
2016-09-20,47.98,48.360001000000004,47.200001,47.240002000000004,44.099709000000004,1392100
2016-09-21,47.779999,48.369999,47.459998999999996,48.290001000000004,45.079918,1742400
2016-09-22,48.52,49.130001,47.959998999999996,48.360001000000004,45.145264000000005,1729400
2016-09-23,48.610001000000004,49.049999,48.110001000000004,48.400002,45.182602,1282200
2016-09-26,48.099998,48.220001,47.610001000000004,47.689999,44.519794,1214800
2016-09-27,47.389998999999996,47.889998999999996,47.23,47.599998,44.435776000000004,1415600
2016-09-28,47.57,48.240002000000004,46.919998,47.740002000000004,44.566479,1850700
2016-09-29,47.68,48.09,47.080002,47.310001,44.165062,1139300
2016-09-30,47.830002,48.700001,47.615002000000004,48.48,45.257290000000005,1932400
2016-10-03,48.470001,49.07,47.959998999999996,48.209998999999996,45.005226,1154700
2016-10-04,48.610001000000004,48.889998999999996,47.740002000000004,47.869999,44.687832,941600
2016-10-05,48.330002,48.330002,45.59,46.540001000000004,43.446239,3339900
2016-10-06,46.34,48.0,46.34,47.450001,44.29575,1669400
2016-10-07,47.23,47.52,46.259997999999996,46.5,43.408905,1951700
2016-10-10,46.700001,47.400002,46.32,46.98,43.856991,1099200
2016-10-11,46.779999,46.91,45.560001,45.66,42.624741,1688900
2016-10-12,45.75,46.25,45.650002,46.0,42.942135,1116500
2016-10-13,45.459998999999996,45.509997999999996,44.310001,45.049999,42.05529,1346200
2016-10-14,45.529999,46.990002000000004,45.529999,46.709998999999996,43.604942,1191400
2016-10-17,46.790001000000004,48.18,46.790001000000004,47.59,44.426449,1638000
2016-10-18,48.380001,48.380001,47.439999,47.799999,44.622482,1535800
2016-10-19,48.080002,48.790001000000004,47.75,48.650002,45.415989,1070200
2016-10-20,48.290001000000004,48.299999,46.549999,46.91,43.791649,1879300
2016-10-21,46.41,47.040001000000004,45.91,46.439999,43.352886,1012400
2016-10-24,47.0,47.93,46.799999,47.209998999999996,44.071701000000004,2224700
2016-10-25,46.880001,47.189999,46.669998,46.959998999999996,43.838322,2431800
2016-10-26,46.759997999999996,47.299999,46.43,46.950001,43.828990999999995,2121000
2016-10-27,47.029999,47.279999,45.490002000000004,46.330002,43.250209999999996,1153400
2016-10-28,46.599998,47.02,45.93,46.16,43.091503,864500
2016-10-31,46.139998999999996,46.580002,46.080002,46.189999,43.119507,1192700
2016-11-01,46.189999,46.669998,44.599998,45.310001,42.298016,1794600
2016-11-02,44.970001,46.07,44.970001,45.830002,42.783443,1281500
2016-11-03,46.139998999999996,46.209998999999996,45.52,45.619999,42.587399,1222000
2016-11-04,45.439999,46.950001,45.41,46.349998,43.268875,2387800
2016-11-07,48.59,48.59,43.790001000000004,45.27,42.260666,2786100
2016-11-08,44.970001,46.009997999999996,44.48,45.689999,42.652747999999995,1668000
2016-11-09,45.619999,48.099998,44.720001,47.689999,44.519794,2520100
2016-11-10,48.009997999999996,48.970001,48.0,48.380001,45.163928999999996,2520500
2016-11-11,48.139998999999996,48.48,47.470001,47.950001,44.762512,1385600
2016-11-14,48.150002,49.52,48.110001000000004,49.419998,46.134792,2210800
2016-11-15,49.639998999999996,49.759997999999996,48.970001,49.650002,46.349503000000006,1901000
2016-11-16,49.98,50.869999,49.759997999999996,50.040001000000004,46.713584999999995,2280600
2016-11-17,49.919998,50.380001,49.25,49.779999,46.845325,1654100
2016-11-18,49.639998999999996,51.139998999999996,49.470001,50.27,47.306435,1831200
2016-11-21,49.779999,50.52,49.27,50.459998999999996,47.485237,1674200
2016-11-22,50.529999,50.849998,50.41,50.73,47.739319,1282000
2016-11-23,50.389998999999996,51.23,50.389998999999996,50.860001000000004,47.861655999999996,972700
2016-11-25,50.77,51.110001000000004,50.41,51.110001000000004,48.096920000000004,411800
2016-11-28,51.18,51.18,50.470001,50.919998,47.918121,1734500
2016-11-29,50.919998,51.5,50.66,50.889998999999996,47.889885,1194200
2016-11-30,51.009997999999996,51.380001,50.720001,51.200001,48.18161,1675300
2016-12-01,51.610001000000004,51.700001,50.560001,50.919998,47.918121,2432300
2016-12-02,51.029999,51.119999,50.25,51.009997999999996,48.002811,2006200
2016-12-05,51.560001,51.59,51.095001,51.52,48.482746,1087700
2016-12-06,51.360001000000004,51.790001000000004,51.240002000000004,51.77,48.71801,1029300
2016-12-07,52.060001,53.049999,52.060001,52.790001000000004,49.677876,1604200
2016-12-08,52.639998999999996,53.560001,52.639998999999996,52.73,49.62141,1404500
2016-12-09,52.509997999999996,52.799999,51.98,52.450001,49.357921999999995,1359900
2016-12-12,52.599998,52.66,50.849998,51.07,48.05928,1963200
2016-12-13,51.119999,51.674999,50.59,51.119999,48.106331,1477700
2016-12-14,50.91,52.290001000000004,50.900002,51.470001,48.435699,2276800
2016-12-15,51.529999,53.060001,51.389998999999996,52.360001000000004,49.273228,4560500
2016-12-16,52.099998,52.790001000000004,52.099998,52.720001,49.612007,3020600
2016-12-19,52.509997999999996,52.810001,52.009997999999996,52.310001,49.226177,1344500
2016-12-20,52.68,53.049999,52.23,52.48,49.38615,1237000
2016-12-21,52.580002,52.845001,52.169998,52.32,49.235592,1095900
2016-12-22,52.009997999999996,52.347,51.23,51.529999,48.492160999999996,894700
2016-12-23,51.369999,51.91,51.369999,51.889998999999996,48.830933,694500
2016-12-27,52.130001,52.41,51.880001,52.27,49.188522,466500
2016-12-28,52.59,52.59,51.458,51.529999,48.492160999999996,909000
2016-12-29,51.48,51.799999,51.009997999999996,51.610001000000004,48.567440000000005,647800
2016-12-30,51.84,51.84,50.529999,50.77,47.776962,811200
2017-01-03,51.349998,51.77,50.779999,51.220001,48.200435999999996,1026000
2017-01-04,51.490002000000004,52.174999,51.18,51.990002000000004,48.925041,1225200
2017-01-05,51.630001,52.66,51.549999,52.23,49.150890000000004,937100
2017-01-06,52.48,52.869999,51.931999,52.490002000000004,49.395565000000005,1139200
2017-01-09,52.355,52.939999,51.77,52.200001,49.122658,987900
2017-01-10,52.130001,52.369999,51.669998,52.080002,49.009739,1342600
2017-01-11,52.060001,52.689999,51.75,52.43,49.339104,978700
2017-01-12,52.119999,52.389998999999996,51.110001000000004,52.209998999999996,49.132065000000004,1317700
2017-01-13,52.48,52.830002,52.0,52.349998,49.263816999999996,1377600
2017-01-17,52.080002,52.185001,50.98,51.459998999999996,48.426281,1126800
2017-01-18,51.57,52.16,51.294998,51.68,48.633324,1100600
2017-01-19,51.52,51.939999,51.080002,51.279999,48.256896999999995,589500
2017-01-20,51.610001000000004,52.580002,51.459998999999996,52.209998999999996,49.132065000000004,1236700
2017-01-23,52.220001,53.209998999999996,52.049999,53.16,50.026061999999996,1577200
2017-01-24,53.689999,55.220001,53.599998,54.049999,50.863594,3313800
2017-01-25,54.259997999999996,56.119999,54.259997999999996,55.619999,52.341038,2724000
2017-01-26,55.439999,55.950001,54.32,54.419998,51.211777000000005,1904900
2017-01-27,55.529999,55.66,53.759997999999996,53.91,50.731846000000004,1465000
2017-01-30,53.959998999999996,53.959998999999996,52.75,53.759997999999996,50.590691,1331500
2017-01-31,53.759997999999996,54.400002,52.810001,53.360001000000004,50.214283,1343900
2017-02-01,53.470001,54.119999,52.290001000000004,53.209998999999996,50.07312,1246100
2017-02-02,53.950001,53.950001,52.119999,53.66,50.496586,2106300
2017-02-03,53.880001,54.849998,53.799999,54.330002,51.12709,1436900
2017-02-06,53.91,54.349998,53.450001,54.200001,51.004753,1498400
2017-02-07,54.419998,55.279999,53.779999,53.900002,50.722443,2154700
2017-02-08,53.560001,55.669998,52.610001000000004,54.02,51.215443,4015200
2017-02-09,53.990002000000004,53.990002000000004,52.07,52.310001,49.594223,1968900
2017-02-10,52.59,52.909,52.150002,52.48,49.755394,1408100
2017-02-13,52.68,53.490002000000004,52.16,52.700001,49.963978000000004,1873500
2017-02-14,52.869999,53.73,52.709998999999996,53.52,50.741405,1464100
2017-02-15,53.490002000000004,54.23,53.490002000000004,53.860001000000004,51.063751,2022200
2017-02-16,53.970001,54.82,53.880001,54.330002,51.509346,1707300
2017-02-17,54.169998,54.169998,52.509997999999996,52.66,49.926052,2448500
2017-02-21,52.700001,53.950001,52.540001000000004,53.830002,51.035309000000005,2297400
2017-02-22,53.540001000000004,53.790001000000004,52.880001,53.189999,50.428535,1108300
2017-02-23,53.639998999999996,53.990002000000004,52.990002000000004,53.34,50.57074,1735100
2017-02-24,53.389998999999996,53.740002000000004,52.830002,53.43,50.656078,1089200
2017-02-27,53.169998,54.0,53.009997999999996,53.73,50.940495,895300
2017-02-28,53.779999,53.849998,53.41,53.720001,50.931011,1620200
2017-03-01,54.23,55.060001,54.029999,54.560001,51.727409,1339000
2017-03-02,54.349998,54.66,53.98,54.049999,51.243885,1266900
2017-03-03,54.040001000000004,54.150002,53.419998,54.040001000000004,51.234402,919200
2017-03-06,53.450001,53.669998,51.720001,52.16,49.452011,2382200
2017-03-07,51.959998999999996,52.200001,50.790001000000004,50.900002,48.25742,2122100
2017-03-08,51.299999,51.889998999999996,51.02,51.299999,48.636654,3310400
2017-03-09,51.200001,51.400002,50.529999,50.93,48.28587,1793400
2017-03-10,51.240002000000004,51.849998,50.900002,51.240002000000004,48.579777,1467800
2017-03-13,51.349998,51.799999,51.150002,51.32,48.655617,1024900
2017-03-14,50.830002,51.16,50.580002,50.869999,48.228977,944800
2017-03-15,51.240002000000004,52.005001,50.91,51.790001000000004,49.101215,1035000
2017-03-16,52.060001,52.75,52.0,52.450001,49.726952000000004,1520600
2017-03-17,52.490002000000004,52.84,52.27,52.380001,49.660587,2695400
2017-03-20,52.439999,53.150002,51.91,53.09,50.333725,1359000
2017-03-21,53.009997999999996,53.400002,51.25,51.48,48.807308,2006800
2017-03-22,51.529999,52.59,51.310001,52.459998999999996,49.736427,1229300
2017-03-23,52.400002,53.400002,52.27,52.91,50.163071,964000
2017-03-24,52.91,53.139998999999996,52.02,52.400002,49.67955,1274600
2017-03-27,51.82,51.82,50.77,51.599998,48.921078,1541000
2017-03-28,51.580002,53.084998999999996,51.349998,52.860001000000004,50.115665,1353200
2017-03-29,52.52,52.740002000000004,52.0,52.029999,49.328758,1497100
2017-03-30,51.830002,52.650002,51.68,52.560001,49.831241999999996,1028100
2017-03-31,52.380001,52.48,51.884997999999996,52.029999,49.328758,1640200
2017-04-03,51.93,52.360001000000004,50.958,51.23,48.570293,1611500
2017-04-04,50.939999,51.68,50.799999,51.549999,48.87368,1316800
2017-04-05,52.049999,52.389998999999996,51.5,51.599998,48.921078,1231500
2017-04-06,51.639998999999996,52.200001,51.290001000000004,51.869999,49.177067,906500
2017-04-07,51.709998999999996,51.799999,50.98,51.080002,48.428084999999996,1342800
2017-04-10,51.139998999999996,51.599998,50.82,51.189999,48.532364,788400
2017-04-11,50.900002,51.049999,50.360001000000004,50.990002000000004,48.342751,869300
2017-04-12,50.91,51.07,49.689999,49.830002,47.242973,1473800
2017-04-13,49.59,49.974998,49.23,49.34,46.778416,1329600
2017-04-17,49.57,50.205002,49.509997999999996,50.150002,47.546364000000004,1260900
2017-04-18,49.860001000000004,51.119999,49.860001000000004,50.630001,48.001442,2179900
2017-04-19,51.830002,53.139998999999996,51.759997999999996,52.900002,50.153591,3404900
2017-04-20,53.389998999999996,53.66,52.990002000000004,53.080002,50.324245,1736000
2017-04-21,53.049999,53.48,52.779999,53.02,50.267361,1619300
2017-04-24,53.709998999999996,54.369999,53.669998,54.02,51.215443,2196700
2017-04-25,54.279999,54.950001,53.93,54.360001000000004,51.537791999999996,2015800
2017-04-26,55.48,56.32,53.509997999999996,53.650002,50.864655,2371700
2017-04-27,53.52,54.400002,53.244999,54.290001000000004,51.471424,1879400
2017-04-28,54.389998999999996,54.389998999999996,53.369999,53.560001,50.779324,1331700
2017-05-01,53.700001,54.470001,53.299999,54.110001000000004,51.30077,1262100
2017-05-02,54.110001000000004,54.360001000000004,53.68,54.189999,51.376621,1129800
2017-05-03,53.810001,54.110001000000004,53.549999,53.990002000000004,51.567646,1188300
2017-05-04,54.25,54.52,53.610001000000004,54.110001000000004,51.682259,1263600
2017-05-05,54.529999,55.130001,54.237,55.02,52.55143,1123700
2017-05-08,54.849998,55.139998999999996,54.5,54.610001000000004,52.159821,809200
2017-05-09,54.25,54.801998,53.360001000000004,53.41,51.013664,1291800
2017-05-10,53.419998,54.119999,53.380001,54.110001000000004,51.682259,1247300
2017-05-11,54.110001000000004,54.32,53.43,54.279999,51.844635,905700
2017-05-12,53.919998,54.279999,53.23,53.68,51.271557,1303900
2017-05-15,54.009997999999996,54.470001,53.830002,54.0,51.577202,1240900
2017-05-16,54.169998,54.169998,53.34,53.790001000000004,51.376616999999996,1117500
2017-05-17,53.790001000000004,53.790001000000004,52.080002,52.139998999999996,49.800644,1300800
2017-05-18,51.869999,52.130001,51.220001,51.59,49.275326,2447100
2017-05-19,51.669998,52.369999,51.610001000000004,51.990002000000004,49.657379,1519900
2017-05-22,52.09,52.580002,51.950001,52.310001,49.96302,1336600
2017-05-23,52.439999,52.830002,52.189999,52.700001,50.335526,1020900
2017-05-24,52.810001,54.349998,52.759997999999996,54.310001,51.873287,1620100
2017-05-25,54.549999,55.400002,54.470001,55.290001000000004,52.809315000000005,1986100
2017-05-26,55.259997999999996,55.369999,54.965,55.150002,52.675598,1423800
2017-05-30,54.900002,55.380001,54.764998999999996,55.049999,52.580082,1198600
2017-05-31,55.099998,55.130001,54.049999,54.419998,51.978344,1925700
2017-06-01,54.400002,55.400002,54.400002,55.27,52.790218,1144500
2017-06-02,55.150002,55.220001,54.790001000000004,55.099998,52.627838,1034900
2017-06-05,55.27,55.27,54.59,54.650002,52.198032,1221100
2017-06-06,54.18,54.509997999999996,53.970001,54.119999,51.691811,964000
2017-06-07,54.66,56.0,54.209998999999996,55.740002000000004,53.239128,2089800
2017-06-08,55.740002000000004,55.82,55.23,55.459998999999996,52.971691,1385800
2017-06-09,55.779999,57.799999,55.599998,57.299999,54.729133999999995,1920300
2017-06-12,57.09,57.860001000000004,56.939999,57.27,54.700474,2273000
2017-06-13,57.43,57.790001000000004,57.084998999999996,57.48,54.901061999999996,1100300
2017-06-14,57.200001,57.5,56.349998,56.799999,54.251564,936000
2017-06-15,56.799999,57.799999,56.369999,57.360001000000004,54.786442,1347000
2017-06-16,57.060001,57.5,56.84,57.490002000000004,54.91060600000001,1540700
2017-06-19,58.07,58.619999,57.470001,57.950001,55.349971999999994,1373000
2017-06-20,57.639998999999996,57.950001,57.18,57.240002000000004,54.671825,1159700
2017-06-21,57.450001,57.450001,56.639998999999996,56.98,54.423492,1074000
2017-06-22,57.310001,57.310001,56.360001000000004,56.849998,54.299324,867800
2017-06-23,56.970001,57.740002000000004,56.970001,57.310001,54.738689,1575800
2017-06-26,57.25,57.416,56.834998999999996,57.029999,54.471249,1329700
2017-06-27,57.099998,57.200001,56.630001,56.720001,54.175158999999994,1187100
2017-06-28,57.259997999999996,57.299999,56.360001000000004,56.689999,54.14650699999999,1405500
2017-06-29,56.57,56.945,55.720001,56.310001,53.783554,1306900
2017-06-30,56.689999,56.959998999999996,56.32,56.66,54.117847,1442500
2017-07-03,57.099998,57.349998,56.689999,57.119999,54.557209,368900
2017-07-05,57.209998999999996,57.529999,56.985001000000004,57.119999,54.557209,794200
2017-07-06,56.639998999999996,57.099998,56.369999,56.41,53.879066,806700
2017-07-07,56.669998,57.5,56.560001,57.310001,54.738689,1201000
2017-07-10,57.18,58.619999,57.18,58.290001000000004,55.674717,1408300
2017-07-11,58.049999,58.66,57.709998999999996,57.869999,55.273556000000006,1178400
2017-07-12,58.380001,59.0,58.18,58.630001,55.999462,1232200
2017-07-13,59.169998,60.360001000000004,59.099998,59.689999,57.011897999999995,1640800
2017-07-14,59.77,60.009997999999996,59.27,59.650002,56.973698,1890900
2017-07-17,59.450001,59.830002,59.060001,59.73,57.05011,1252900
2017-07-18,59.73,59.73,58.759997999999996,59.119999,56.467471999999994,1041700
2017-07-19,59.259997999999996,59.720001,59.16,59.5,56.830425,804300
2017-07-20,59.360001000000004,59.700001,58.470001,58.91,56.266899,860400
2017-07-21,58.610001000000004,59.060001,58.439999,58.700001,56.066322,857300
2017-07-24,58.650002,59.009997999999996,58.43,58.619999,55.989906000000005,1005200
2017-07-25,58.970001,59.259997999999996,58.560001,58.830002,56.190487,686800
2017-07-26,59.02,59.029999,58.07,58.150002,55.541,698800
2017-07-27,58.369999,58.849998,57.27,58.720001,56.085426,1381200
2017-07-28,58.610001000000004,58.66,56.66,57.32,54.748238,1632300
2017-07-31,57.529999,57.639998999999996,56.919998,57.419998,54.84375,1643700
2017-08-01,57.549999,57.869999,57.130001,57.77,55.17805500000001,856200
2017-08-02,57.650002,57.799999,56.580002,57.650002,55.06343100000001,1160100
2017-08-03,58.610001000000004,59.73,56.490002000000004,56.59,54.050991,1853500
2017-08-04,56.919998,58.18,56.790001000000004,57.330002,54.75779300000001,2080700
2017-08-07,57.509997999999996,57.650002,56.73,57.16,54.595417000000005,2016600
2017-08-08,56.82,57.41,56.459998999999996,56.560001,54.022339,1329800
2017-08-09,56.139998999999996,56.73,55.860001000000004,56.139998999999996,54.003098,1105000
2017-08-10,55.830002,56.18,55.189999,55.23,53.127734999999994,1176400
2017-08-11,55.380001,55.759997999999996,54.91,55.610001000000004,53.49327099999999,889500
2017-08-14,56.330002,56.919998,55.970001,56.540001000000004,54.387875,1421100
2017-08-15,56.59,56.740002000000004,56.240002000000004,56.310001,54.166630000000005,692800
2017-08-16,56.860001000000004,57.450001,56.860001000000004,57.299999,55.118945999999994,1042900
2017-08-17,56.93,57.259997999999996,56.029999,56.07,53.935759999999995,836700
2017-08-18,55.959998999999996,56.810001,55.549999,56.290001000000004,54.147388,1033000
2017-08-21,56.18,56.18,54.049999,54.330002,52.261993,1905100
2017-08-22,54.369999,55.044998,54.205002,54.830002,52.742962,1340200
2017-08-23,54.759997999999996,54.93,54.259997999999996,54.599998,52.521717,936500
2017-08-24,54.869999,55.169998,54.470001,54.68,52.598670999999996,1438800
2017-08-25,54.970001,55.389998999999996,54.779999,55.23,53.127734999999994,1043500
2017-08-28,55.650002,55.720001,54.709998999999996,55.169998,53.070023,1553200
2017-08-29,54.740002000000004,55.330002,54.509997999999996,55.259997999999996,53.15659300000001,821700
2017-08-30,55.09,56.25,54.945,56.139998999999996,54.003098,998400
2017-08-31,56.540001000000004,57.060001,56.450001,56.91,54.743790000000004,1323800
2017-09-01,57.209998999999996,58.049999,57.029999,57.93,55.724964,1421000
2017-09-05,57.990002000000004,57.990002000000004,56.619999,56.84,54.676453,1821300
2017-09-06,57.110001000000004,57.23,56.130001,56.790001000000004,54.628353000000004,1644000
2017-09-07,56.860001000000004,57.035,55.880001,56.470001,54.320541000000006,1539900
2017-09-08,56.490002000000004,56.759997999999996,56.25,56.470001,54.320541000000006,1314400
2017-09-11,56.950001,58.0,56.779999,57.75,55.551815000000005,2301500
2017-09-12,59.02,59.02,57.77,57.970001,55.763443,1123400
2017-09-13,57.459998999999996,57.93,56.75,57.330002,55.147804,1127200
2017-09-14,57.0,57.610001000000004,56.900002,57.419998,55.234375,1349700
2017-09-15,57.509997999999996,57.889998999999996,56.93,57.560001,55.36904499999999,1932800
2017-09-18,57.470001,58.23,57.470001,57.740002000000004,55.542191,1242100
2017-09-19,57.740002000000004,57.860001000000004,57.029999,57.34,55.157417,1506200
2017-09-20,57.18,58.349998,57.18,58.25,56.03278,1008000
2017-09-21,58.25,58.349998,57.57,57.610001000000004,55.417149,1821400
2017-09-22,57.509997999999996,57.650002,55.330002,55.669998,53.550987,2338800
2017-09-25,55.380001,55.66,54.669998,55.209998999999996,53.10849399999999,1461400
2017-09-26,55.400002,55.950001,55.23,55.599998,53.48365,1024800
2017-09-27,55.939999,56.73,55.939999,56.330002,54.185867,1845000
2017-09-28,56.27,57.119999,56.241001000000004,56.779999,54.618736,1447500
2017-09-29,56.669998,56.919998,56.380001,56.73,54.570641,1339500
2017-10-02,56.959998999999996,58.07,56.759997999999996,58.07,55.859634,1515100
2017-10-03,58.389998999999996,58.415001000000004,57.790001000000004,58.060001,55.850018000000006,1499900
2017-10-04,58.119999,58.279999,57.849998,58.189999,55.975063,1179400
2017-10-05,58.490002000000004,58.490002000000004,57.720001,57.889998999999996,55.68648100000001,1109800
2017-10-06,57.900002,58.720001,57.68,58.169998,55.955826,2361400
2017-10-09,58.389998999999996,58.540001000000004,57.505001,58.540001000000004,56.311749,1013400
2017-10-10,58.84,59.02,58.369999,58.970001,56.72538,1641700
2017-10-11,59.099998,59.099998,58.150002,58.57,56.340603,1089100
2017-10-12,58.580002,58.990002000000004,58.48,58.709998999999996,56.475273,976800
2017-10-13,58.93,59.110001000000004,58.57,58.860001000000004,56.619564000000004,676800
2017-10-16,58.970001,59.18,58.619999,59.130001,56.879288,897000
2017-10-17,59.080002,59.650002,59.009997999999996,59.599998,57.331393999999996,1562700
2017-10-18,59.900002,59.900002,59.310001,59.599998,57.331393999999996,1427800
2017-10-19,59.759997999999996,60.029999,59.16,59.599998,57.331393999999996,1936500
2017-10-20,59.900002,60.540001000000004,59.735001000000004,60.529999,58.22599399999999,1214100
2017-10-23,60.799999,61.119999,60.490002000000004,60.759997999999996,58.447239,2298700
2017-10-24,61.09,61.5,60.43,61.07,58.745438,2315600
2017-10-25,61.32,61.32,60.369999,60.970001,58.64925,1736400
2017-10-26,61.389998999999996,61.389998999999996,60.439999,60.470001,58.168282,1808200
2017-10-27,60.560001,60.860001000000004,58.630001,60.830002,58.51458,2023900
2017-10-30,60.549999,61.09,60.237999,60.32,58.023987,1026100
2017-10-31,60.75,61.349998,60.139998999999996,61.330002,58.995552,1861900
2017-11-01,61.330002,61.599998,60.830002,61.330002,58.995552,2422500
2017-11-02,61.209998999999996,61.220001,59.209998999999996,59.82,57.543022,2129600
2017-11-03,59.849998,60.049999,59.0,59.950001,57.668076,1617700
2017-11-06,59.990002000000004,60.419998,58.360001000000004,59.27,57.013957999999995,2238800
2017-11-07,59.450001,59.52,58.540001000000004,58.950001,56.706134999999996,1187400
2017-11-08,58.900002,59.349998,58.450001,59.34,57.081295,1146700
2017-11-09,58.740002000000004,59.529999,58.490002000000004,59.029999,57.197570999999996,1855300
2017-11-10,59.02,59.119999,58.439999,58.66,56.83905,1185800
2017-11-13,58.509997999999996,58.889998999999996,58.18,58.84,57.01347,1310600
2017-11-14,58.73,59.220001,58.200001,58.66,56.83905,1389600
2017-11-15,58.540001000000004,59.18,58.139998999999996,58.759997999999996,56.935947,1281100
2017-11-16,59.23,59.549999,58.59,59.150002,57.313843000000006,1577900
2017-11-17,58.93,59.720001,58.529999,59.5,57.652981000000004,1192500
2017-11-20,59.32,59.32,58.439999,58.450001,56.635571,1313600
2017-11-21,58.790001000000004,59.150002,58.560001,58.66,56.83905,1329400
2017-11-22,59.060001,59.060001,58.639998999999996,58.790001000000004,56.965015,851000
2017-11-24,59.209998999999996,59.380001,58.66,58.860001000000004,57.032848,350800
2017-11-27,59.110001000000004,59.110001000000004,58.450001,58.689999,56.868122,1090400
2017-11-28,58.959998999999996,59.360001000000004,58.669998,59.279999,57.439808,957600
2017-11-29,59.23,60.470001,59.009997999999996,60.259997999999996,58.38938100000001,953700
2017-11-30,60.52,62.610001000000004,60.415001000000004,62.41,60.47264499999999,2371400
2017-12-01,62.27,62.540001000000004,60.540001000000004,62.400002,60.46295500000001,2293900
2017-12-04,62.82,63.630001,62.533001,63.470001,61.499741,1747800
2017-12-05,63.580002,63.630001,63.009997999999996,63.310001,61.344711,1675400
2017-12-06,63.23,63.549999,62.950001,63.419998,61.45129,1335900
2017-12-07,63.5,63.759997999999996,63.175999,63.560001,61.586948,1279700
2017-12-08,64.0,64.760002,63.705002,64.41999799999999,62.42025,1671000
2017-12-11,64.449997,64.739998,63.970001,64.41999799999999,62.42025,2141700
2017-12-12,64.660004,64.870003,63.799999,63.939999,61.955147,1525700
2017-12-13,64.0,64.480003,63.950001,64.300003,62.303978,1523800
2017-12-14,64.489998,64.620003,62.549999,62.549999,60.608299,2113700
2017-12-15,63.919998,64.099998,62.639998999999996,63.110001000000004,61.15091700000001,5030200
2017-12-18,63.5,64.089996,63.5,63.860001000000004,61.877632,1467400
2017-12-19,63.830002,64.190002,63.150002,63.400002,61.43191899999999,1410900
2017-12-20,63.549999,63.830002,63.099998,63.73,61.751667000000005,1144300
2017-12-21,64.089996,64.239998,63.740002000000004,63.84,61.85825,932900
2017-12-22,63.810001,63.963001,63.16,63.73,61.751667000000005,868000
2017-12-26,63.84,64.139999,63.150002,63.25,61.286572,664600
2017-12-27,63.299999,63.490002000000004,62.959998999999996,63.080002,61.121849,817200
2017-12-28,63.23,63.27,62.740002000000004,63.200001,61.238117,1191000
2017-12-29,63.299999,63.66,62.849998,63.209998999999996,61.24781,1142900
2018-01-02,63.650002,64.800003,63.41,64.709999,62.701248,2236300
2018-01-03,64.959999,66.0,64.75,65.400002,63.369831000000005,2139100
2018-01-04,65.68,67.239998,65.5,67.040001,64.958916,2195200
2018-01-05,67.25,67.82,66.839996,67.309998,65.220543,1962000
2018-01-08,67.389999,68.290001,67.129997,67.760002,65.65657,2040100
2018-01-09,67.58000200000001,68.099998,67.260002,67.400002,65.30774699999999,2250300
2018-01-10,67.519997,67.720001,67.050003,67.410004,65.317436,1378400
2018-01-11,67.739998,68.260002,67.220001,68.260002,66.14104499999999,1335200
2018-01-12,68.709999,69.290001,68.110001,69.199997,67.051857,1580900
2018-01-16,69.410004,69.970001,68.389999,68.690002,66.557701,1602400
2018-01-17,69.190002,69.5,68.75,69.269997,67.119698,1432400
2018-01-18,69.139999,69.389999,67.870003,68.029999,65.91819,2306300
2018-01-19,68.279999,69.300003,68.18,69.160004,67.01310699999999,1436400
2018-01-22,69.25,69.355003,68.260002,68.779999,66.64490500000001,1413300
2018-01-23,68.83000200000001,68.83000200000001,68.099998,68.410004,66.286385,2125900
2018-01-24,68.389999,69.309998,68.389999,68.75,66.615829,1248600
2018-01-25,68.959999,69.68,68.43,69.089996,66.945274,1130000
2018-01-26,69.83000200000001,71.550003,69.160004,70.269997,68.088646,1891400
2018-01-29,70.400002,70.64299799999999,67.93,68.410004,66.286385,5584300
2018-01-30,67.83000200000001,69.471001,67.83000200000001,68.160004,66.044159,3750700
2018-01-31,68.440002,68.440002,66.089996,66.629997,64.561638,3950300
2018-02-01,65.18,66.949997,65.18,66.279999,64.222511,2062500
2018-02-02,66.010002,67.540001,65.885002,67.239998,65.15271,2711200
2018-02-05,66.970001,66.970001,63.77,63.959998999999996,61.974525,3116900
2018-02-06,62.98,64.620003,62.000999,64.550003,62.546215000000004,3195200
2018-02-07,64.389999,65.940002,64.139999,64.41999799999999,62.42025,2440700
2018-02-08,64.059998,64.379997,60.889998999999996,60.93,59.038589,2336100
2018-02-09,61.889998999999996,62.869999,60.165001000000004,62.330002,60.395134,1997700
2018-02-12,63.220001,63.709998999999996,62.360001000000004,63.27,61.30595,1777700
2018-02-13,63.07,63.490002000000004,62.77,63.43,61.460983,1077600
2018-02-14,62.77,64.360001,62.77,64.300003,62.303978,1542600
2018-02-15,64.760002,64.989998,63.68,64.910004,63.318474,1858100
2018-02-16,64.599998,66.68,64.510002,66.32,64.693901,2476800
2018-02-20,66.010002,66.269997,64.91999799999999,65.110001,63.513573,1551400
2018-02-21,65.029999,66.209999,64.870003,65.129997,63.533073,1847600
2018-02-22,65.629997,65.849998,64.785004,65.279999,63.679401,1646600
2018-02-23,65.790001,66.160004,65.300003,66.110001,64.489052,1321000
2018-02-26,66.66999799999999,67.480003,66.279999,67.33000200000001,65.679146,1553400
2018-02-27,67.18,67.779999,66.660004,66.660004,65.025566,1205000
2018-02-28,67.449997,67.470001,65.720001,65.760002,64.147636,1328000
2018-03-01,65.540001,66.019997,64.360001,64.970001,63.37700699999999,1373500
2018-03-02,64.57,65.57,63.75,65.400002,63.796463,1274100
2018-03-05,64.839996,66.18,64.699997,66.0,64.381744,1319100
2018-03-06,66.290001,66.75,65.139999,66.400002,64.77195,1703800
2018-03-07,65.730003,66.540001,65.32,66.199997,64.576851,1285100
2018-03-08,66.5,66.610001,65.599998,66.050003,64.430534,1299800
2018-03-09,66.309998,67.07,65.900002,67.07,65.425514,1134200
2018-03-12,67.32,67.32,66.760002,67.050003,65.405998,1596400
2018-03-13,67.510002,67.959999,66.959999,67.010002,65.366989,1351200
2018-03-14,67.220001,67.290001,66.18,66.199997,64.576851,1743100
2018-03-15,66.150002,67.029999,66.150002,66.510002,64.879242,1341000
2018-03-16,66.58000200000001,66.68,65.809998,66.370003,64.742683,3105300
2018-03-19,66.32,66.32,64.449997,64.82,63.230681999999995,1827900
2018-03-20,65.239998,65.389999,64.157997,64.58000200000001,62.996567000000006,1228800
2018-03-21,64.540001,65.489998,64.235001,64.839996,63.250195,1248400
2018-03-22,64.25,64.489998,62.689999,62.740002000000004,61.201679000000006,1433600
2018-03-23,62.619999,63.134997999999996,60.98,61.040001000000004,59.543365,1853700
2018-03-26,61.900002,63.900002,61.900002,63.830002,62.264956999999995,1831800
2018-03-27,63.84,64.709999,63.139998999999996,63.450001,61.894276,1479000
2018-03-28,63.77,64.139999,62.950001,63.16,61.611385,1416300
2018-03-29,63.689999,64.739998,63.221001,64.16999799999999,62.596619,1552800
2018-04-02,64.019997,64.260002,60.93,61.950001,60.431053000000006,1747900
2018-04-03,62.310001,63.25,61.84,63.169998,61.621136,1086700
2018-04-04,62.040001000000004,63.919998,62.029999,63.860001000000004,62.294224,1196400
2018-04-05,64.75,64.779999,63.759997999999996,64.449997,62.869751,1374200
2018-04-06,63.709998999999996,63.939999,62.279999,62.650002,61.11389200000001,1780000
2018-04-09,63.02,63.68,62.77,63.0,61.455307,1105200
2018-04-10,64.040001,65.010002,64.0,64.559998,62.97705500000001,1347600
2018-04-11,63.919998,64.620003,63.68,64.25,62.674656000000006,739100
2018-04-12,64.769997,65.050003,64.470001,64.839996,63.250195,823800
2018-04-13,65.440002,65.528,64.730003,65.0,63.406273,893700
2018-04-16,65.93,66.019997,65.209999,65.360001,63.757442000000005,1328000
2018-04-17,65.940002,66.230003,65.410004,66.099998,64.479294,1064000
2018-04-18,66.150002,66.779999,65.93,66.360001,64.732925,1072900
2018-04-19,66.699997,67.010002,66.150002,66.610001,64.976791,735200
2018-04-20,66.879997,66.970001,65.43,66.269997,64.645126,1355000
2018-04-23,66.41999799999999,66.599998,65.980003,66.370003,64.742683,1041300
2018-04-24,66.75,66.75,64.129997,64.699997,63.113620999999995,1539200
2018-04-25,64.540001,65.410004,63.5,65.099998,63.503815,1437700
2018-04-26,65.089996,65.5,64.209999,64.349998,62.77220500000001,1849200
2018-04-27,63.5,64.160004,60.18,60.790001000000004,59.299496,3369900
2018-04-30,60.799999,61.439999,58.959998999999996,59.16,57.70945699999999,2642200
2018-05-01,59.049999,59.91,58.48,59.82,58.353275,2553100
2018-05-02,59.470001,59.720001,58.349998,58.560001,57.124171999999994,2182500
2018-05-03,58.0,58.82,57.630001,58.419998,57.409149,1413700
2018-05-04,57.98,59.651001,57.91,59.41,58.38201899999999,2498300
2018-05-07,59.75,60.400002,59.580002,60.0,58.961811,2645400
2018-05-08,59.84,60.25,59.700001,60.110001000000004,59.069908,2618200
2018-05-09,60.5,60.68,60.029999,60.48,59.43350600000001,1264700
2018-05-10,60.509997999999996,60.75,60.255001,60.549999,59.502295999999994,1279200
2018-05-11,60.91,61.560001,60.709998999999996,61.029999,59.973988,874700
2018-05-14,61.240002000000004,61.57,61.029999,61.209998999999996,60.150875,1534400
2018-05-15,61.09,61.220001,60.380001,60.860001000000004,59.806934,1939100
2018-05-16,61.07,62.119999,60.860001000000004,61.889998999999996,60.819111,1634300
2018-05-17,61.869999,62.799999,61.68,62.279999,61.202362,1279500
2018-05-18,62.009997999999996,62.439999,62.009997999999996,62.09,61.015648,1149900
2018-05-21,62.5,62.560001,61.18,61.389998999999996,60.32775899999999,1845400
2018-05-22,61.389998999999996,61.599998,61.049999,61.360001000000004,60.298279,1709500
2018-05-23,61.09,61.209998999999996,60.299999,60.77,59.718491,1363500
2018-05-24,60.560001,60.970001,60.0,60.66,59.61039,1452800
2018-05-25,60.439999,60.580002,59.619999,59.959998999999996,58.922501000000004,1779300
2018-05-29,59.509997999999996,60.080002,58.860001000000004,59.029999,58.00859499999999,2301700
2018-05-30,59.560001,60.139998999999996,59.43,59.759997999999996,58.725964000000005,1477400
2018-05-31,59.650002,59.900002,58.57,58.880001,57.861194999999995,1774700
2018-06-01,59.52,60.400002,59.330002,60.119999,59.079735,2029200
2018-06-04,60.34,60.950001,60.330002,60.68,59.63004300000001,1429900
2018-06-05,60.98,61.654999,60.75,60.77,59.718491,2300900
2018-06-06,60.939999,60.939999,59.470001,60.91,59.856064,1861700
2018-06-07,60.810001,61.200001,60.41,60.560001,59.512122999999995,989900
2018-06-08,60.32,60.990002000000004,60.049999,60.959998999999996,59.905201,1007400
2018-06-11,61.139998999999996,61.77,61.02,61.439999,60.376892000000005,1281800
2018-06-12,61.68,62.049999,61.139998999999996,61.82,60.750319999999995,1384200
2018-06-13,61.48,61.650002,59.950001,60.5,59.453159,1872200
2018-06-14,60.860001000000004,60.860001000000004,60.099998,60.5,59.453159,1380700
2018-06-15,59.689999,60.125,59.240002000000004,59.810001,58.775101,2842700
2018-06-18,59.5,59.860001000000004,59.279999,59.400002,58.372195999999995,1513200
2018-06-19,58.77,58.900002,58.07,58.490002000000004,57.477943,1676100
2018-06-20,58.720001,58.880001,57.970001,58.459998999999996,57.44845600000001,1215800
2018-06-21,58.209998999999996,58.360001000000004,57.32,57.439999,56.44610600000001,1687400
2018-06-22,57.830002,58.377998,57.77,57.970001,56.966938,2834500
2018-06-25,58.459998999999996,58.849998,57.509997999999996,58.23,57.222439,1485400
2018-06-26,58.169998,58.490002000000004,57.93,58.27,57.261749,1302400
2018-06-27,58.43,58.669998,57.5,57.509997999999996,56.51489599999999,1213600
2018-06-28,57.599998,57.619999,56.57,57.040001000000004,56.053028000000005,1158000
2018-06-29,57.220001,57.779999,56.98,57.02,56.033375,1654000
2018-07-02,56.57,57.064999,56.150002,56.93,55.944935,1337800
2018-07-03,57.290001000000004,57.419998,56.490002000000004,56.59,55.610813,1045900
2018-07-05,56.900002,56.900002,56.360001000000004,56.709998999999996,55.728737,1425200
2018-07-06,56.48,57.334998999999996,56.34,56.919998,55.935104,1286900
2018-07-09,57.419998,57.869999,57.02,57.689999,56.69178,1562000
2018-07-10,57.68,58.16,57.630001,58.110001000000004,57.104515,1057800
2018-07-11,57.619999,57.91,57.23,57.299999,56.30852900000001,1072900
2018-07-12,57.439999,58.509997999999996,57.439999,57.889998999999996,56.888321,979200
2018-07-13,57.599998,58.189999,57.349998,57.439999,56.44610600000001,861600
2018-07-16,57.389998999999996,57.473,56.775002,57.040001000000004,56.053028000000005,907600
2018-07-17,57.139998999999996,57.639998999999996,56.52,57.290001000000004,56.298702,1239600
2018-07-18,57.16,57.889998999999996,57.16,57.639998999999996,56.642647,863900
2018-07-19,57.700001,57.93,57.084998999999996,57.790001000000004,56.790054000000005,815500
2018-07-20,57.529999,57.830002,57.330002,57.5,56.505069999999996,999900
2018-07-23,57.650002,57.75,57.150002,57.18,56.190608999999995,1072900
2018-07-24,57.48,57.709998999999996,57.290001000000004,57.459998999999996,56.465763,1386900
2018-07-25,57.5,57.5,56.560001,57.23,56.23974200000001,1554700
2018-07-26,57.09,57.259997999999996,56.009997999999996,56.389998999999996,55.414276,2543100
2018-07-27,56.009997999999996,57.450001,56.009997999999996,56.119999,55.148945,2592200
2018-07-30,56.130001,57.549999,56.02,57.290001000000004,56.298702,2543000
2018-07-31,57.450001,58.279999,57.345001,57.98,56.976765,3149500
2018-08-01,57.98,58.220001,56.779999,57.119999,56.13164499999999,1312300
2018-08-02,56.0,56.0,52.779999,55.41,54.451232999999995,4968100
2018-08-03,55.529999,56.32,55.299999,55.82,54.854141000000006,3123000
2018-08-06,55.650002,56.57,55.650002,56.290001000000004,55.31601,2527400
2018-08-07,56.490002000000004,56.970001,56.0,56.720001,55.738567,1866100
2018-08-08,56.959998999999996,57.02,55.799999,56.169998,55.19808199999999,2149900
2018-08-09,56.07,56.351002,55.450001,55.560001,55.019833,1199900
2018-08-10,55.200001,55.41,54.580002,55.0,54.465279,1469500
2018-08-13,55.080002,55.18,54.41,54.709998999999996,54.178096999999994,1948000
2018-08-14,55.93,55.93,54.68,55.900002,55.356529,2821200
2018-08-15,55.290001000000004,55.439999,54.16,54.959998999999996,54.425667000000004,1555900
2018-08-16,55.150002,55.48,55.029999,55.119999,54.584109999999995,904300
2018-08-17,55.16,55.5,54.830002,55.32,54.782166000000004,1143600
2018-08-20,55.709998999999996,55.759997999999996,55.240002000000004,55.599998,55.05944100000001,1228300
2018-08-21,55.82,55.869999,55.419998,55.5,54.960415000000005,1914200
2018-08-22,55.310001,55.599998,54.810001,54.84,54.306831,1562700
2018-08-23,54.619999,54.970001,54.25,54.82,54.287025,2136700
2018-08-24,55.240002000000004,55.610001000000004,55.07,55.400002,54.861389,1689700
2018-08-27,55.790001000000004,56.509997999999996,55.57,56.09,55.544681999999995,860100
2018-08-28,56.029999,56.32,55.659,55.709998999999996,55.168372999999995,1320700
2018-08-29,55.34,56.099998,55.34,55.939999,55.396137,1035900
2018-08-30,55.650002,56.009997999999996,55.349998,55.529999,54.990124,1933600
2018-08-31,55.490002000000004,55.709998999999996,55.060001,55.080002,54.544502,2570900
2018-09-04,55.25,55.32,53.990002000000004,54.139998999999996,53.613636,1674300
2018-09-05,54.139998999999996,55.209998999999996,53.965,55.18,54.643528,3077500
2018-09-06,55.490002000000004,55.759997999999996,54.709998999999996,54.880001,54.34644300000001,1409900
2018-09-07,54.650002,55.200001,54.650002,54.98,54.445473,1282600
2018-09-10,54.919998,55.82,54.919998,55.580002,55.039639,1099500
2018-09-11,55.630001,55.779999,54.831001,55.279999,54.742554000000005,1201900
2018-09-12,55.040001000000004,55.580002,54.990002000000004,55.09,54.554401,919400
2018-09-13,55.139998999999996,55.84,55.139998999999996,55.509997999999996,54.970318000000006,1073200
2018-09-14,55.720001,56.080002,55.27,55.82,55.277306,1726600
2018-09-17,55.990002000000004,56.630001,55.82,55.950001,55.406040000000004,1204000
2018-09-18,55.990002000000004,56.310001,55.450001,56.16,55.613997999999995,1163300
2018-09-19,56.73,56.93,56.34,56.610001000000004,56.059624,1402500
2018-09-20,56.82,57.23,56.689999,56.84,56.287388,1252400
2018-09-21,57.130001,57.130001,55.98,56.330002,55.782348999999996,2397300
2018-09-24,56.389998999999996,56.389998999999996,55.009997999999996,55.450001,54.910904,1514300
2018-09-25,55.75,55.75,54.049999,54.169998,53.643345,1482100
2018-09-26,54.049999,54.599998,52.970001,53.689999,53.168011,1511300
2018-09-27,53.619999,53.889998999999996,53.0,53.529999,53.009567000000004,1384400
2018-09-28,53.18,54.099998,53.18,53.439999,52.920441000000004,1786500
2018-10-01,53.549999,54.310001,53.5,53.599998,53.078888,1480300
2018-10-02,53.599998,54.32,53.139998999999996,53.369999,52.851124,1733900
2018-10-03,53.59,53.669998,51.689999,51.799999,51.296387,2027100
2018-10-04,51.700001,51.900002,50.900002,51.59,51.088428,2059700
2018-10-05,51.669998,52.09,50.419998,50.560001,50.068447,2613400
2018-10-08,50.439999,50.75,48.919998,49.130001,48.652347999999996,2783200
2018-10-09,46.049999,47.099998,44.18,45.25,44.81007,6042700
2018-10-10,45.110001000000004,45.349998,43.610001000000004,43.630001,43.205818,3333200
2018-10-11,43.630001,43.970001,41.880001,41.950001,41.542152,3643900
2018-10-12,42.630001,42.82,41.860001000000004,42.610001000000004,42.195736,3459200
2018-10-15,42.459998999999996,42.846001,42.349998,42.349998,41.938263,2053600
2018-10-16,42.349998,43.169998,41.869999,43.110001000000004,42.690876,2036700
2018-10-17,43.139998999999996,43.200001,42.380001,43.150002,42.730488,1453700
2018-10-18,42.330002,43.629002,42.330002,42.689999,42.274956,2934200
2018-10-19,42.619999,43.099998,42.330002,42.48,42.066998,1663300
2018-10-22,42.43,42.669998,40.200001,40.27,39.878487,5558300
2018-10-23,40.0,41.959998999999996,39.209998999999996,41.599998,41.195553000000004,3808800
2018-10-24,41.349998,42.130001,40.02,40.029999,39.64082,2974300
2018-10-25,40.52,42.205002,40.52,41.549999,41.146042,2582600
2018-10-26,40.5,41.950001,40.330002,41.549999,41.146042,3404400
2018-10-29,42.130001,42.619999,40.09,40.939999,40.541969,2381700
2018-10-30,41.16,42.98,41.049999,42.84,42.4235,3565400
2018-10-31,43.41,43.84,42.950001,42.970001,42.552238,3007400
2018-11-01,43.490002000000004,44.895,43.110001000000004,44.759997999999996,44.324833,2713400
2018-11-02,45.09,45.355,44.27,44.669998,44.235706,2620700
2018-11-05,45.5,45.98,44.080002,45.369999,44.928902,3431700
2018-11-06,45.400002,47.360001000000004,45.400002,46.73,46.275681,2889300
2018-11-07,47.209998999999996,47.52,46.009997999999996,46.799999,46.344997,2158800
2018-11-08,46.32,47.060001,45.759997999999996,46.349998,46.349998,1989200
2018-11-09,46.09,46.240002000000004,45.400002,45.810001,45.810001,1412200
2018-11-12,45.724998,45.91,44.650002,44.790001000000004,44.790001000000004,1648800
2018-11-13,45.040001000000004,46.169998,44.77,45.330002,45.330002,1883700
2018-11-14,45.610001000000004,46.77,45.25,45.560001,45.560001,2205800
2018-11-15,44.950001,45.720001,44.32,45.43,45.43,2625500
2018-11-16,45.130001,46.459998999999996,45.009997999999996,46.150002,46.150002,2245600
2018-11-19,46.060001,46.779999,45.68,46.07,46.07,2319400
2018-11-20,45.669998,46.610001000000004,44.674999,45.73,45.73,2125200
2018-11-21,46.43,46.43,44.77,45.549999,45.549999,2438200
2018-11-23,45.189999,45.490002000000004,44.700001,45.32,45.32,901900
2018-11-26,45.799999,46.509997999999996,45.689999,46.43,46.43,2090300
2018-11-27,45.889998999999996,46.73,45.889998999999996,46.560001,46.560001,2149500
2018-11-28,46.75,46.959998999999996,45.34,46.450001,46.450001,2440400
2018-11-29,46.23,46.860001000000004,46.049999,46.349998,46.349998,1919600
2018-11-30,46.119999,47.32,46.119999,47.110001000000004,47.110001000000004,2647600
2018-12-03,47.98,48.549999,46.580002,47.27,47.27,2010900
2018-12-04,46.889998999999996,47.18,45.970001,46.509997999999996,46.509997999999996,3232700
2018-12-06,45.740002000000004,46.290001000000004,44.970001,46.209998999999996,46.209998999999996,2577900
2018-12-07,46.130001,46.59,45.049999,45.290001000000004,45.290001000000004,2392400
2018-12-10,44.900002,45.130001,43.540001000000004,44.209998999999996,44.209998999999996,2301600
2018-12-11,44.950001,45.189999,44.02,44.200001,44.200001,1831800
2018-12-12,45.049999,45.299999,44.360001000000004,44.41,44.41,1929300
2018-12-13,44.470001,44.75,43.75,43.860001000000004,43.860001000000004,1653200
2018-12-14,43.490002000000004,44.41,43.049999,44.369999,44.369999,3156300
2018-12-17,43.490002000000004,43.509997999999996,39.924999,40.189999,40.189999,5093500
2018-12-18,40.380001,41.18,39.830002,40.25,40.25,3415300
2018-12-19,40.34,40.959998999999996,39.139998999999996,39.360001000000004,39.360001000000004,2097500
2018-12-20,39.040001000000004,39.599998,38.040001000000004,38.279999,38.279999,2796300
2018-12-21,38.299999,38.810001,36.869999,36.939999,36.939999,5166400
2018-12-24,36.75,36.849998,35.200001,35.240002000000004,35.240002000000004,1699100
2018-12-26,35.529999,37.310001,35.209998999999996,37.310001,37.310001,2304800
2018-12-27,36.529999,37.93,36.330002,37.93,37.93,2239300
2018-12-28,38.009997999999996,38.279999,37.119999,37.27,37.27,2116300
